,teacher_id,meditation_id,med_list_batch_id,med_list_scrape_date,med_list_scrape_status
0,marypearson,/guided-meditations/v5h6q2k3r1f9b0u0x6t4v6y7a0x8x3c7m1w8b3a6,97,2022-12-14 21:11:16.935187,meditation found
1,megsangimino,/guided-meditations/d6w0q3d9x1u9z5f8t6w9k4s0q7z9e9j3h8x9r1g3,97,2022-12-14 21:11:39.553337,meditation found
2,megsangimino,/guided-meditations/h2h3a3h8u6j8r3w9x0c2a3j6m1m0w8x9c1a2z5e8,97,2022-12-14 21:11:39.554351,meditation found
3,megsangimino,/guided-meditations/g1l8w5e3q5c6d3h1s2r4c9r2k6s8t9e0w0j4w1g4,97,2022-12-14 21:11:39.555293,meditation found
4,megsangimino,/guided-meditations/j8h5h9b5c8z9m2d4q5e8s7b3z0z8d0k6y7d1b9d0,97,2022-12-14 21:11:39.556333,meditation found
5,megsangimino,/guided-meditations/s8n9h2f2z2m2n6t3u6t1b0p0l1h8d1d3a3q8t2s5,97,2022-12-14 21:11:39.556333,meditation found
6,megsangimino,/guided-meditations/s0r9y5c3q5p4e7s0s7q9d9f0q5r2n0d2f8x9e5z4,97,2022-12-14 21:11:39.557341,meditation found
7,megsangimino,/guided-meditations/h5u6p5u0q2n4b5v5y8y3b3q6k5y4p3y5b4h4m9x2,97,2022-12-14 21:11:39.558344,meditation found
8,megsangimino,/guided-meditations/w9g8k6j1g0b6v7y4b2k5r0l8f1d5m5e0c8c5z6n6,97,2022-12-14 21:11:39.558344,meditation found
9,megsangimino,/guided-meditations/x0s2h7s0h5a7v4p4q2x1y0q5q5b1l7t9m5e3v9x8,97,2022-12-14 21:11:39.559343,meditation found
10,megsangimino,/guided-meditations/g4n2v8c8p2h7d1a4q3a9y9u1q4d8z8j8m6q3h3w4,97,2022-12-14 21:11:39.560337,meditation found
11,megsangimino,/guided-meditations/f6q0k8e9j7s0r2p0v4z1e1r6g6j1m6b8v0s4s3t3,97,2022-12-14 21:11:39.560337,meditation found
12,megsangimino,/guided-meditations/g0w4f9h9d6n5v1v6s5s1j7c2b7z4a7h8v1a0s8a5,97,2022-12-14 21:11:39.561340,meditation found
13,megsangimino,/guided-meditations/v5l8c5j5t9y2v1m7n7c1y6r5r8h0h3u7c3s1c4x0,97,2022-12-14 21:11:39.562338,meditation found
14,megsangimino,/guided-meditations/a6z3t4j2v9l1f7y3f2g8v0u1h4s9v5p1d8t9t6p1,97,2022-12-14 21:11:39.563342,meditation found
15,megsangimino,/guided-meditations/e0s5l9n2w9j7k8p9u2e2s6f9p4q6x2e4b2b6y7z3,97,2022-12-14 21:11:39.563342,meditation found
16,abriendomisalas,/guided-meditations/s2d4a0y1e8a9z4u1e5v0p0v9f9b5t1e3t8z2m0e2,97,2022-12-14 21:12:21.021069,meditation found
17,abriendomisalas,/guided-meditations/t1e0q2m1v2h6p6g3p0q4v6a4p8u7j0d1s6g1a1v8,97,2022-12-14 21:12:21.023066,meditation found
18,abriendomisalas,/guided-meditations/s3z1t2v8h8s8z3v0y8n9q1v1d5w1x2l0k1m5r4e6,97,2022-12-14 21:12:21.023066,meditation found
19,abriendomisalas,/guided-meditations/d1u3x5m6u6s4v5h7m6z4b6k0a9x2s3g7g4s7z5u2,97,2022-12-14 21:12:21.024067,meditation found
20,abriendomisalas,/guided-meditations/b6z8h7d1t1c0b6r4f1v2u8m3d6g1f8f1r4f7f0t9,97,2022-12-14 21:12:21.025068,meditation found
21,abriendomisalas,/guided-meditations/e8k1v2q4g7t6j2u9l7s5q6b2a6j2k5x8d9l1w5f0,97,2022-12-14 21:12:21.028657,meditation found
22,abriendomisalas,/guided-meditations/w2b6c3g5d3f3e1z7r8x1x3a4n8s4h8f1j1j6x0k7,97,2022-12-14 21:12:21.031601,meditation found
23,abriendomisalas,/guided-meditations/w0n9h9z7f6j8x1u9a4a9r3d2f2c6t5t6p1n8m5l3,97,2022-12-14 21:12:21.034600,meditation found
24,abriendomisalas,/guided-meditations/z0p7m0u9d2j4u7e6n6e7l1m2u3w7l8w2u1q1r3u4,97,2022-12-14 21:12:21.038601,meditation found
25,abriendomisalas,/guided-meditations/f2z9b5k3c2m5k4c5x1n0q3j9u4p2q8e3c7d9e0j8,97,2022-12-14 21:12:21.041134,meditation found
26,abriendomisalas,/guided-meditations/f2k2y8z7t8s1u9a1m2t7z2p6a2x0j1s4r9a9e3b0,97,2022-12-14 21:12:21.044183,meditation found
27,abriendomisalas,/guided-meditations/k3t2b5g2x6v0b4n7f3p0j9e9j7k1t9t2t7g9p7d3,97,2022-12-14 21:12:21.047183,meditation found
28,abriendomisalas,/guided-meditations/n7u3q1h8c2t5m6b6f7r1b1j9n8d4p3j3q4b0b1c6,97,2022-12-14 21:12:21.050811,meditation found
29,abriendomisalas,/guided-meditations/m0r6k1u6d6j0t5l1m9l5t5r6h1w7z2m6c3s9d6y5,97,2022-12-14 21:12:21.052820,meditation found
30,abriendomisalas,/guided-meditations/r1j7s5r7t0m5k5p1z7v2c6h2w9v3y2b2c4l3r3x4,97,2022-12-14 21:12:21.055759,meditation found
31,markromeromusic,/guided-meditations/c2p8z7f5x6v3k5h6d0a3w5z0m9w8d5b8r8y2a7s4,97,2022-12-14 21:12:43.664671,meditation found
32,markromeromusic,/guided-meditations/c8t1w7g5r6w4b5g4a9b7m7n6k6a7k5f5x2f2j6z8,97,2022-12-14 21:12:43.664671,meditation found
33,markromeromusic,/guided-meditations/k5k6b3t4y1n0w2r2e5d3v8d4r1h9x1d3u0n4m9z7,97,2022-12-14 21:12:43.664671,meditation found
34,markromeromusic,/guided-meditations/a8n9n0b5s6y1a8v6j6z4p7s7k5l4c6s9u2z2r0t6,97,2022-12-14 21:12:43.664671,meditation found
35,markromeromusic,/guided-meditations/b8r8l4j4x8w1b2n5u7p5k5p0k3u5z3e8n2q4j4f2,97,2022-12-14 21:12:43.664671,meditation found
36,markromeromusic,/guided-meditations/x5q4n4r1g6k6j2h3w6h5s8w1u9t8z0t5h6b0a5g7,97,2022-12-14 21:12:43.664671,meditation found
37,monkindocs,/guided-meditations/g7r0e3c8y7j2e6w7t7w7u7b9u9c2u8w0q7k4u0t1,97,2022-12-14 21:13:05.141391,meditation found
38,monkindocs,/guided-meditations/u1a8u6g2f8c8n9u2s6d2m7h8n3e3j6h5a2t0u8n5,97,2022-12-14 21:13:05.143393,meditation found
39,monkindocs,/guided-meditations/x9f9k3y3m7e5t2c5u9s1j6h7j5m7g4b0u1t1t9q0,97,2022-12-14 21:13:05.143393,meditation found
40,monkindocs,/guided-meditations/f2b4w5j0j0c7w8e7l9f9b6b8e2y7w9e1e7u9s3t7,97,2022-12-14 21:13:05.144391,meditation found
41,monkindocs,/guided-meditations/e9r0s1n9l0w3v0l6s7b8a1q7t7r1x5k5c3f4z1l9,97,2022-12-14 21:13:05.145392,meditation found
42,monkindocs,/guided-meditations/a3m0q3s4q3a8p5k3p3q4x0u6u9f5c6h9u5f2v0g3,97,2022-12-14 21:13:05.146391,meditation found
43,monkindocs,/guided-meditations/s5y0l4x5t6n5f4z6x8d9b1j8n8x7m4v0v6u5l4y8,97,2022-12-14 21:13:05.147391,meditation found
44,monkindocs,/guided-meditations/s8g6a3t1y0z2r0c9x0s1k7v6z6j3d7m5s4a9v5y8,97,2022-12-14 21:13:05.148390,meditation found
45,monkindocs,/guided-meditations/n8a3t0r2t9q7e1g3a3m3y4y1x5c9a0c4a7f2h4c4,97,2022-12-14 21:13:05.149396,meditation found
46,monkindocs,/guided-meditations/e6u6n9l6q8a9l4n2f4v9t3u1z0a6s5p9u5e5s8u4,97,2022-12-14 21:13:05.150403,meditation found
47,monkindocs,/guided-meditations/k5j3v9w4n1u6b4e2w7n4y7e1e4v0p6v1e1z2c1b5,97,2022-12-14 21:13:05.151393,meditation found
48,monkindocs,/guided-meditations/r2z5w2w0t2k8w4q1h4h7t4d9b6l2x3e2p7g3h0q0,97,2022-12-14 21:13:05.152393,meditation found
49,monkindocs,/guided-meditations/h4t5e5r9j8d1p2b7t0y6v1e6s4k6p0a0v1d2e9m0,97,2022-12-14 21:13:05.153389,meditation found
50,monkindocs,/guided-meditations/w9e4a7d7b4m7z4c3x1x1m0u5x6f2e5d8x9r4h6y6,97,2022-12-14 21:13:05.153389,meditation found
51,monkindocs,/guided-meditations/b4r6c0d3g5c0y5b8r2d1c7w7f4k6h6z7m9y8t1c8,97,2022-12-14 21:13:05.155391,meditation found
52,monkindocs,/guided-meditations/b0e4h1m6c6f5h2v8u7g9a8f0m5n8t7s3l7a3w4j7,97,2022-12-14 21:13:05.158409,meditation found
53,monkindocs,/guided-meditations/a0n6p7d3s8z8r1h9c9a4s9p6s9n9t0w1m4n4y8x5,97,2022-12-14 21:13:05.161408,meditation found
54,monkindocs,/guided-meditations/k1m4a6j4y0u7y9j8d5w8t4y5h9n5h8x1p9e1u9c3,97,2022-12-14 21:13:05.163389,meditation found
55,monkindocs,/guided-meditations/s3v7e7j8k8a8m6k1b9n1d2x1z3s4y8n0n0w5r6s8,97,2022-12-14 21:13:05.167396,meditation found
56,monkindocs,/guided-meditations/c5p2e9a6j1m9f7l5g7b3q2g8a0z5z9w3f8t9r6t5,97,2022-12-14 21:13:05.175389,meditation found
57,monkindocs,/guided-meditations/z2d3r1w0j0b2q5r3s0k7u5s1q0c0a3h6g6k3a8r1,97,2022-12-14 21:13:05.178388,meditation found
58,monkindocs,/guided-meditations/h6x6g3s5h4c4z7f4v1m2x4d4b0t4g6j1c2r1v7q7,97,2022-12-14 21:13:05.180395,meditation found
59,monkindocs,/guided-meditations/e9w7l1u5s4d0c0g6z6t0q3j9v6z4j5r7a8p3c3g9,97,2022-12-14 21:13:05.183419,meditation found
60,monkindocs,/guided-meditations/e5h9n7w4h0a6j2z1y7s8g7a0p7g4p0w9s9c7z5z1,97,2022-12-14 21:13:05.187397,meditation found
61,monkindocs,/guided-meditations/w4l1q2v0p1b2t8p2x7v0t5h8f7g2k9h8d9f1j3l3,97,2022-12-14 21:13:05.192393,meditation found
62,monkindocs,/guided-meditations/s1m7l7n1f8u8a2w2m2a8r6h3c3w7l1f3r3e3n9a5,97,2022-12-14 21:13:05.194411,meditation found
63,monkindocs,/guided-meditations/y7t0a0d0h4c2b6z5q8z5x7a2f1a4d3l7b3d5b4q7,97,2022-12-14 21:13:05.198392,meditation found
64,monkindocs,/guided-meditations/h2c5q2b8k5t5u5c8n9d5q9p4r4a7a6m8p5c0k2h2,97,2022-12-14 21:13:05.202393,meditation found
65,profdrmarceloanselmo,/guided-meditations/m4a2j2s2a0l2p6v6w5t8t1v5d3h8r5d2r8v9d3j1,97,2022-12-14 21:13:12.122280,meditation found
66,profdrmarceloanselmo,/guided-meditations/d8a5c1s6e9g2m1h6p8a8h8t7v5u0q4d7v8g4f2a1,97,2022-12-14 21:13:12.122280,meditation found
67,profdrmarceloanselmo,/guided-meditations/c3d2u3g5n6b1w3x5v6a7r2d4d9p6a3g1b6a9w5r2,97,2022-12-14 21:13:12.122280,meditation found
68,profdrmarceloanselmo,/guided-meditations/w5h1x3d1q1k4d0x9f1k2s8e2t7d6s9k0t3s8j3b6,97,2022-12-14 21:13:12.122280,meditation found
69,profdrmarceloanselmo,/guided-meditations/t9u5q1m9p6b8n2s3h2e0r5z7s2n4l7l6h9s0l8w3,97,2022-12-14 21:13:12.122280,meditation found
70,profdrmarceloanselmo,/guided-meditations/e8a8c8w3w3t6e8b4u9m1z1d4n1q5k9w3l1v9l0g0,97,2022-12-14 21:13:12.122280,meditation found
71,profdrmarceloanselmo,/guided-meditations/f2s7c4u3k5a4f9c2m0r3c2p7r1n3v2j7d2n7x0u4,97,2022-12-14 21:13:12.122280,meditation found
72,profdrmarceloanselmo,/guided-meditations/z2y6m8l3z8f1m0j0t3s1l9k7s7s4m0d1j2m4d7d3,97,2022-12-14 21:13:12.122280,meditation found
73,profdrmarceloanselmo,/guided-meditations/d3z2t4p8b1x9e6f0k1e9n1f2p7h8z6t6z1n1s7a8,97,2022-12-14 21:13:12.122280,meditation found
74,profdrmarceloanselmo,/guided-meditations/x4l5c5n0b4b9f4r8m5s4h0u0r9r8q6k6y6n8p5r2,97,2022-12-14 21:13:12.122280,meditation found
75,profdrmarceloanselmo,/guided-meditations/v7g5q4q6p2f2u0e0k6s9e9e0h1j8j4m9z7d6g0w7,97,2022-12-14 21:13:12.122280,meditation found
76,profdrmarceloanselmo,/guided-meditations/g6y6c4f8c6q6s1c3y0y6y8c9s1h9f1s7w9n5x9r7,97,2022-12-14 21:13:12.122280,meditation found
77,profdrmarceloanselmo,/guided-meditations/z1m8z8d5j5c5x2p8c3t0h5l9n8n6b9p6g9m8k5x3,97,2022-12-14 21:13:12.122280,meditation found
78,profdrmarceloanselmo,/guided-meditations/h7q6e0x2h1f1n4s5q5q7u1r6z9t0g8t1y2k8z3q7,97,2022-12-14 21:13:12.122280,meditation found
79,profdrmarceloanselmo,/guided-meditations/y5g5b6y8f3w6w7p7r8v6y2f2j4l8c6n3r4l6n6a4,97,2022-12-14 21:13:12.122280,meditation found
80,profdrmarceloanselmo,/guided-meditations/r5b2s5a4z8y9z2n7f6a0t2z8h9c3t9z2h7h4f6c4,97,2022-12-14 21:13:12.122280,meditation found
81,profdrmarceloanselmo,/guided-meditations/j3k4e0e1u2f0x7e1w1j8d7k0s0e3n8c7d3m4w9k8,97,2022-12-14 21:13:12.122280,meditation found
82,profdrmarceloanselmo,/guided-meditations/p3q8g3u2s3b1x2v6x3s8j0n8r7p5s0j5t0w7n0a2,97,2022-12-14 21:13:12.122280,meditation found
83,profdrmarceloanselmo,/guided-meditations/z0w7k8f3c9l9e2y8q1l0x3m1t5z6h3t3z7n7w6r6,97,2022-12-14 21:13:12.137903,meditation found
84,profdrmarceloanselmo,/guided-meditations/f8q7t1j7f9h8x1q7f8d1x3w6k6d1m6t1e3l8r0v4,97,2022-12-14 21:13:12.137903,meditation found
85,profdrmarceloanselmo,/guided-meditations/b4p7g7x8r1d7w5w8r0g5t9a6b1k2p1n5n2g7k4k4,97,2022-12-14 21:13:12.137903,meditation found
86,profdrmarceloanselmo,/guided-meditations/w8h6q1a4u8q0w6c3f7q0g9m3h1m6z8b4e3p4s5q3,97,2022-12-14 21:13:12.137903,meditation found
87,profdrmarceloanselmo,/guided-meditations/a5j2s3x6m4a8b8k0w2t7s0m6t0t4p0f7n2z2e0b3,97,2022-12-14 21:13:12.137903,meditation found
88,profdrmarceloanselmo,/guided-meditations/s9q7u7u7w1a2x9r8t7h6j9j0l3s1a8e7d8p8z5z8,97,2022-12-14 21:13:12.137903,meditation found
89,profdrmarceloanselmo,/guided-meditations/y0u4z3r9k8b3q5x8c3f2c4z4c7e1q1f9n0b4r8j7,97,2022-12-14 21:13:12.153457,meditation found
90,profdrmarceloanselmo,/guided-meditations/w1s6q4g0h8b4m3b5h1c3a4b1e1v4b5s2b9e7t4p2,97,2022-12-14 21:13:12.153457,meditation found
91,profdrmarceloanselmo,/guided-meditations/v4d5k5n0c6a5v2f0x6x0r2r3e8n1f1z0p2r4r2h8,97,2022-12-14 21:13:12.153457,meditation found
92,profdrmarceloanselmo,/guided-meditations/j3b0e1f8k7l2g5c5r2y5u7b6m2c6a9u5m9s7t8e8,97,2022-12-14 21:13:12.153457,meditation found
93,profdrmarceloanselmo,/guided-meditations/r9s6r0f0q6r6z4m6k1k4z5s9r9u5c3s5a7r7k4y4,97,2022-12-14 21:13:12.153457,meditation found
94,profdrmarceloanselmo,/guided-meditations/q9e1a4x1y2a4a1f9d2g9c8x0b6f5h8q1g5a9n9g3,97,2022-12-14 21:13:12.153457,meditation found
95,profdrmarceloanselmo,/guided-meditations/r6g9d9u6e5n0u3l7g4s8j5h3g9m2r6m8h4q3w7k0,97,2022-12-14 21:13:12.153457,meditation found
96,profdrmarceloanselmo,/guided-meditations/a0p0m8j2s6l3w6v7k7p5j0u4m3u9b7j4e0t4x5m1,97,2022-12-14 21:13:12.169088,meditation found
97,profdrmarceloanselmo,/guided-meditations/g2e3p0c9t9h9m5t9h9y7h7a3c5j4u3z4q2v3c3q2,97,2022-12-14 21:13:12.169088,meditation found
98,profdrmarceloanselmo,/guided-meditations/p4t3u3q8v9w1s7y6s7d8m5x4u1x5e6d1z6g1t9b4,97,2022-12-14 21:13:12.173904,meditation found
99,profdrmarceloanselmo,/guided-meditations/q0y9x2m3l0v9v8s2s3c0q2x3p3e0m5g4b8d8w4e3,97,2022-12-14 21:13:12.173904,meditation found
100,profdrmarceloanselmo,/guided-meditations/t5l5t3v2l0u2l0q1x3s9h3s2g3d5q4j3y0m6h7q3,97,2022-12-14 21:13:12.173904,meditation found
101,profdrmarceloanselmo,/guided-meditations/w1k2a8f0v6k6p5q9e3f1s0n1e3p0j7g7u7f5s1v4,97,2022-12-14 21:13:12.181360,meditation found
102,profdrmarceloanselmo,/guided-meditations/y8y1r3q3r3q0r8r5s1e4p1y7y5v0q2s3a6d7w0a8,97,2022-12-14 21:13:12.182799,meditation found
103,profdrmarceloanselmo,/guided-meditations/p9e0k4k3p5q8j6j1n7k4g8q9j5v6z9k7v0s4w2j8,97,2022-12-14 21:13:12.185009,meditation found
104,profdrmarceloanselmo,/guided-meditations/l5y7l3c7d1y1p1k8b8k2x0k0p1a5j1k6t7j0s6f3,97,2022-12-14 21:13:12.187041,meditation found
105,profdrmarceloanselmo,/guided-meditations/r4z9w5p1l1u1d7j4n0h1c0y2r2x4h9p4f0g6z2v7,97,2022-12-14 21:13:12.187041,meditation found
106,profdrmarceloanselmo,/guided-meditations/w3k0z0t3v4x6e9p1k5z7y5a9b8k9c0t4v5c6v0y5,97,2022-12-14 21:13:12.187041,meditation found
107,profdrmarceloanselmo,/guided-meditations/d7k3y6x8n3n4p5m7u3w2e3g5w6w6l5k0e7b0x5a7,97,2022-12-14 21:13:12.187041,meditation found
108,profdrmarceloanselmo,/guided-meditations/u2g6g0t0r1j6q0d8l5x2c0w1x9j9a0r4u6q4k3a5,97,2022-12-14 21:13:12.187041,meditation found
109,profdrmarceloanselmo,/guided-meditations/s3h5z8k1z9c9w0s8g2k6f6r5e3y1w2x6k1y5r6z5,97,2022-12-14 21:13:12.187041,meditation found
110,profdrmarceloanselmo,/guided-meditations/b3z2k5j0d5p4n2z6g1k7a3z8n4z7z9j1x5u3a9b5,97,2022-12-14 21:13:12.187041,meditation found
111,profdrmarceloanselmo,/guided-meditations/k1w5b0g2p9a8l2q6l1k7e8d5m1w1j7s1m7e4y9q1,97,2022-12-14 21:13:12.201140,meditation found
112,profdrmarceloanselmo,/guided-meditations/j2f0q1k1u8s1a0y8m1x6n4n9n9f5j0d4u6w6s7l0,97,2022-12-14 21:13:12.201140,meditation found
113,profdrmarceloanselmo,/guided-meditations/a6f3m7w0w3q6p0v1w4l3t9d3j0f8b2a2k5v6z6v6,97,2022-12-14 21:13:12.201140,meditation found
114,profdrmarceloanselmo,/guided-meditations/c3a7f7g2w0w3e5z5k0l1n9a0v6k1z2t3v2h1m3s9,97,2022-12-14 21:13:12.201140,meditation found
115,profdrmarceloanselmo,/guided-meditations/c5g6l0v8m0g6k2v3w4q0c2s9n8x5d9g2s7e2b9g2,97,2022-12-14 21:13:12.201140,meditation found
116,profdrmarceloanselmo,/guided-meditations/w8e3m6z2d7f0r7r5d0t2l8b4h9n4n8j3w6e1z2b6,97,2022-12-14 21:13:12.201140,meditation found
117,profdrmarceloanselmo,/guided-meditations/e0m4y5k3y6j7z4b4a3a1z8d7p3z4q3m4a0d7b6v2,97,2022-12-14 21:13:12.201140,meditation found
118,profdrmarceloanselmo,/guided-meditations/w8z8l6p6r3p4c2h4p1p7m0t1c4y5q9z4n5j6t9l7,97,2022-12-14 21:13:12.216826,meditation found
119,profdrmarceloanselmo,/guided-meditations/v3k6l5w5x7y3t1k8e9k3q1z2t8f7v9j1m1h1y3n9,97,2022-12-14 21:13:12.216826,meditation found
120,profdrmarceloanselmo,/guided-meditations/j5y3k5u7j9w3d0w4g3m8f8n6y2v1x0t6p3s1d6r0,97,2022-12-14 21:13:12.216826,meditation found
121,profdrmarceloanselmo,/guided-meditations/f6w3g8n2t5w7t5s6c4g8m5r6n5v8t7b6b3r1r4f0,97,2022-12-14 21:13:12.216826,meditation found
122,profdrmarceloanselmo,/guided-meditations/x7x1e3k4n9e0k8n1l7h4u2k3z4w9e5w1m0a5u5l8,97,2022-12-14 21:13:12.216826,meditation found
123,profdrmarceloanselmo,/guided-meditations/m9t4k4p3j3t4d8z9z4k0g6p5x6u8h7q1k3v8e5l1,97,2022-12-14 21:13:12.216826,meditation found
124,profdrmarceloanselmo,/guided-meditations/u3r5q3c8k1k4a0e8v3w2s9j4t7u1m8q7q5k9r5x0,97,2022-12-14 21:13:12.216826,meditation found
125,profdrmarceloanselmo,/guided-meditations/w4j1a2d5h1f3u8f2s1u5e6v1c6g9s8c5h9y2z3k2,97,2022-12-14 21:13:12.216826,meditation found
126,profdrmarceloanselmo,/guided-meditations/x4m7b5f9c8s0v1r5v8d0m3k1n6v9m9m6l5p0m7z4,97,2022-12-14 21:13:12.216826,meditation found
127,profdrmarceloanselmo,/guided-meditations/t7p4s2a7h7r9g4b1c8h8u7u0v0k3t5x5p9k8p7m2,97,2022-12-14 21:13:12.216826,meditation found
128,profdrmarceloanselmo,/guided-meditations/y4p5b0j2j2k1r4p7w3q1m1q1u2s7d6v0j0p2q5s6,97,2022-12-14 21:13:12.232409,meditation found
129,profdrmarceloanselmo,/guided-meditations/l1e4n7g2a5t2c4y3h2b9q6m5e3a7f5x1y8w3j8b8,97,2022-12-14 21:13:12.232409,meditation found
130,profdrmarceloanselmo,/guided-meditations/a7q0e8p1f0u4d4c3t8z3v0v8u2f2p0a1s6r9t9y0,97,2022-12-14 21:13:12.232409,meditation found
131,profdrmarceloanselmo,/guided-meditations/t2k9j6y0e7f3p2a0n4p2s7q9x6l9x8t7p5p9q7w3,97,2022-12-14 21:13:12.232409,meditation found
132,profdrmarceloanselmo,/guided-meditations/h7y5t2t2w8d9z8b8l5x2q4q5b6w4z8f7p9b0x6v6,97,2022-12-14 21:13:12.232409,meditation found
133,profdrmarceloanselmo,/guided-meditations/z4r9w6m1k7m8b2b7w7p3j2j0s0c3z0n9s3h7m7c9,97,2022-12-14 21:13:12.232409,meditation found
134,profdrmarceloanselmo,/guided-meditations/b1j4p6q7l6w8k5h5q1g2g1g7m0d3g5d8c6b8x1s0,97,2022-12-14 21:13:12.232409,meditation found
135,profdrmarceloanselmo,/guided-meditations/k9x4c0v6z4d1x4r4j7x6z1u2f8y8h6a9n1f4b9c6,97,2022-12-14 21:13:12.248033,meditation found
136,profdrmarceloanselmo,/guided-meditations/g2h5r0r8c0d2q5h8j3b4v2s0e0g9h8p3x3r0s1e9,97,2022-12-14 21:13:12.250726,meditation found
137,profdrmarceloanselmo,/guided-meditations/w9r1w0q6p3n9g9u8w0e7x6r4u8b1w4d3q0a5m9y8,97,2022-12-14 21:13:12.250726,meditation found
138,profdrmarceloanselmo,/guided-meditations/t8m1w2y0s8m5g0x3n8z2y2g0u2c4c4u7b0s8n7m8,97,2022-12-14 21:13:12.250726,meditation found
139,profdrmarceloanselmo,/guided-meditations/w3f1t0f9j6s1l5a8q0k2y5t5z0n2t6w6j8e6b4n3,97,2022-12-14 21:13:12.250726,meditation found
140,profdrmarceloanselmo,/guided-meditations/g4r7m3c3s7k7m5h0b4y7x5p9b4k6q2d8v9f7q6g6,97,2022-12-14 21:13:12.250726,meditation found
141,profdrmarceloanselmo,/guided-meditations/e1v1r7q6f8q1l8y0l2t3m1e6y7j6k9n8q9v2k2s3,97,2022-12-14 21:13:12.250726,meditation found
142,profdrmarceloanselmo,/guided-meditations/q8l8g8d8h9f6z8v0p6p2x0z9j3q7p4k5h8m8r8x8,97,2022-12-14 21:13:12.250726,meditation found
143,profdrmarceloanselmo,/guided-meditations/u2h6p0n8z5n2j6l2g7k7c2v4n2a4l7r7z7s3v6z8,97,2022-12-14 21:13:12.265482,meditation found
144,profdrmarceloanselmo,/guided-meditations/t3x9g5k2t5n2e8e4y4x3k5d2u8c5l7y6g9t4n5k9,97,2022-12-14 21:13:12.265482,meditation found
145,xantippi,/guided-meditations/k1x1h9u6k3t7k0r9h0d2h1u6w5v2d9t3u3w8t7x2,97,2022-12-14 21:13:23.834255,meditation found
146,xantippi,/guided-meditations/f0l7w2s7y3n8m2r4t5m9m4m6r7q3b0y7r0c8b2j6,97,2022-12-14 21:13:23.834255,meditation found
147,xantippi,/guided-meditations/e4c6q9r0y5w2j3k1a3c4d3k3l2t8a1n2v3y8y5p9,97,2022-12-14 21:13:23.834255,meditation found
148,xantippi,/guided-meditations/c6x6w0w4s1z1u9h2y1p7z9e2h1f9u2e9d8u1p0b1,97,2022-12-14 21:13:23.834255,meditation found
149,xantippi,/guided-meditations/x3a4b3d6q2y1b4v4s8x6e9u4v5a7r9z0t3h6b6k7,97,2022-12-14 21:13:23.834255,meditation found
150,xantippi,/guided-meditations/r0d5g5a7p4j2t4r4x1t0x5p9p3k7c7u6r4u4y9r9,97,2022-12-14 21:13:23.834255,meditation found
151,xantippi,/guided-meditations/l8p0x2v7r5p7b3h6x9m8s0r9n1y2h9r0z7w6e7e9,97,2022-12-14 21:13:23.834255,meditation found
152,xantippi,/guided-meditations/s5p7t2e2b4f3q1d7r5w4g4k5s1d6q5c0e7u7r6m9,97,2022-12-14 21:13:23.834255,meditation found
153,xantippi,/guided-meditations/s8y9y1y8h3c5e2q0j1h1n2z3m8q3q7r7x6n8x0a8,97,2022-12-14 21:13:23.834255,meditation found
154,xantippi,/guided-meditations/n3c2s4q8t4j0h6z2d2g3z5f2d0a1q7f7s3a5z0u7,97,2022-12-14 21:13:23.834255,meditation found
155,xantippi,/guided-meditations/z5p5n1f6e0t5m2e2g4v4b4t1r3k5h2y4j0t6g8r1,97,2022-12-14 21:13:23.834255,meditation found
156,xantippi,/guided-meditations/x6d3l2d7u2y7e1n4x2l3l5z3r5e1s5a8w1r4j3m6,97,2022-12-14 21:13:23.834255,meditation found
157,xantippi,/guided-meditations/m5h7r5s6u6p9z0f1w4m3h8c9g4f0y0r3n4a7s1b7,97,2022-12-14 21:13:23.834255,meditation found
158,xantippi,/guided-meditations/x0t4k6v0q3h3b5v0n0u8d5l6y0n4x0z5k9m7e9q8,97,2022-12-14 21:13:23.834255,meditation found
159,xantippi,/guided-meditations/c4y4v3e9q0j3k5d6h7w3l8y5e3z4r9u8y2u9c2g3,97,2022-12-14 21:13:23.850774,meditation found
160,xantippi,/guided-meditations/n7m9k5c3t9d6m3y3b3g7g9y9t5x1p6s7g6e6z0b7,97,2022-12-14 21:13:23.851853,meditation found
161,xantippi,/guided-meditations/b1w3p1f7a7k3k2k8v7w8q2r8m5m6v1n6c8m0x6t1,97,2022-12-14 21:13:23.851853,meditation found
162,xantippi,/guided-meditations/p9v9b0r9j0f3w2c9n2d4v4h1m4m7s8s1b6s8m9s4,97,2022-12-14 21:13:23.852841,meditation found
163,rossellmanuela,/guided-meditations/r3k6z9d9w1g2s1h5t9q1x0j0h6y4w9s8b8y3g9w3,97,2022-12-14 21:13:28.883610,meditation found
164,rossellmanuela,/guided-meditations/p5k6z8z8x4m0b9h0t7w8x6b5y4y3n5w5l5q2y1n9,97,2022-12-14 21:13:28.883610,meditation found
165,rossellmanuela,/guided-meditations/g8u7b1y1a4b7x2j4q2v8w3m4d3f2y6r5v9w0c7a2,97,2022-12-14 21:13:28.899223,meditation found
166,rossellmanuela,/guided-meditations/f9q5l7j1m5y6b4m2d9r9m1x4j1l0a5f1h4f0e4v7,97,2022-12-14 21:13:28.899223,meditation found
167,rossellmanuela,/guided-meditations/p6r1e5v4g9u1h6a1e7b7s1z2e2p0q4u5b5y2b2g5,97,2022-12-14 21:13:28.899223,meditation found
168,rossellmanuela,/guided-meditations/b7m5g8d6l1n8h2q0w9m9z5d8g3y2w9d0l0p5w3c5,97,2022-12-14 21:13:28.899223,meditation found
169,rossellmanuela,/guided-meditations/n2l1j9g4a4b3u8m7f5f3y5n3h1z4t4y5a4q4x1y0,97,2022-12-14 21:13:28.899223,meditation found
170,rossellmanuela,/guided-meditations/h7x1q2p3e5t2f5e6w1t1z1z7n8c5e9f1x1d1q9h3,97,2022-12-14 21:13:28.899223,meditation found
171,rossellmanuela,/guided-meditations/q8f3z6j9l7g8z6u0n2r6r8x7p5g1u8f1v3q2s6z5,97,2022-12-14 21:13:28.899223,meditation found
172,rossellmanuela,/guided-meditations/g7z0h1j7b0j9r9v0h1u4f3t3a2h0x6a5r0t4g1s6,97,2022-12-14 21:13:28.899223,meditation found
173,rossellmanuela,/guided-meditations/h3z3h1a2f8q8b9w2e0w3m6a7r1m4q7k1z6k0c8k3,97,2022-12-14 21:13:28.899223,meditation found
174,rossellmanuela,/guided-meditations/a3c1u4c9a6d1e5l3u7d5u4y4n9f0z5j6g1u1w7r8,97,2022-12-14 21:13:28.899223,meditation found
175,rossellmanuela,/guided-meditations/f1e1s2p6n9m9z2l5f2z1s9g0v6x0h2p6s3k3l8l5,97,2022-12-14 21:13:28.899223,meditation found
176,rossellmanuela,/guided-meditations/w4p1c2p0n7x8h7l9k0n4f1f0q8n5a9d4w2w1v6t4,97,2022-12-14 21:13:28.899223,meditation found
177,rossellmanuela,/guided-meditations/w3g9u8b3z8x4s6x7v2f2p6f7z0q2l8z5r0m7j1w3,97,2022-12-14 21:13:28.899223,meditation found
178,rossellmanuela,/guided-meditations/q0v8a7y8b7d1l5w6v5z5r6q9c5x8y3s1r9j6c8z8,97,2022-12-14 21:13:28.899223,meditation found
179,rossellmanuela,/guided-meditations/u8k3u0m8x5s6j3z1z4z4x7m3w8c1e9r9p1b8s8w0,97,2022-12-14 21:13:28.899223,meditation found
180,rossellmanuela,/guided-meditations/t5p4r2u3v2y3g5u9r3x0u5p0j3l1r1c9y6z5e0p6,97,2022-12-14 21:13:28.899223,meditation found
181,mahegerome,/guided-meditations/q9g2h8f2x7p1b2h4d2y6y4d5f8q5e4p1r8s4p8a6,97,2022-12-14 21:13:35.183222,meditation found
182,mahegerome,/guided-meditations/c1g9a3u1z9n7b8c6z4v8d1m4s7r8h8g0d6s0x4s1,97,2022-12-14 21:13:35.184223,meditation found
183,mahegerome,/guided-meditations/v3n6p9t8z0g8c9g3b3q6r1a2c3j8x7n5t4u6v0k8,97,2022-12-14 21:13:35.185222,meditation found
184,momandco,,97,2022-12-14 21:13:53.969405,meditations not found
185,minibuddha,/guided-meditations/w2x3s1k6v2v7w5f5e8u3b4v0g6k1l9t1c1y4q5u2,97,2022-12-14 21:14:18.241052,meditation found
186,minibuddha,/guided-meditations/v1p2p4v8y2f0y8n9t0j0g3f9p5w6k9g0z5t3u6d9,97,2022-12-14 21:14:18.241052,meditation found
187,minibuddha,/guided-meditations/f1a9x0a4e5g6j3x9g8m7w1m5p2n8w1l2z6z3s2m1,97,2022-12-14 21:14:18.241052,meditation found
188,minibuddha,/guided-meditations/x1r8t1q8r3r6u2u8x4a3w3p1x3c2l3m6w6y1y8q7,97,2022-12-14 21:14:18.241052,meditation found
189,minibuddha,/guided-meditations/l2v1p3w8s1n0p2e8c3g6k7f1z6r4h2k3q2f3w8b1,97,2022-12-14 21:14:18.241052,meditation found
190,minibuddha,/guided-meditations/m5q9s6m7r6g3y9t4w0k6h1u2q4p6b1e5z8t8e3e4,97,2022-12-14 21:14:18.241052,meditation found
191,minibuddha,/guided-meditations/d0g5t7v5w1t4j2h4r7k5g5b3a3w3g5g0h6c8j7u1,97,2022-12-14 21:14:18.241052,meditation found
192,minibuddha,/guided-meditations/p6a6q0u0b2q2z9r7x4q8d7n3d6n0s0y0u3p1g7t1,97,2022-12-14 21:14:18.241052,meditation found
193,minibuddha,/guided-meditations/w1e1b5p0p2n9m6v1l7w3k6b8a4p5n5u6e5e0z9e7,97,2022-12-14 21:14:18.241052,meditation found
194,minibuddha,/guided-meditations/p5f8l7j2v6z6w9u0u0y3g8q9y8z1x2d4y7q2v1j5,97,2022-12-14 21:14:18.241052,meditation found
195,minibuddha,/guided-meditations/j6p8a2b9a1p5g2f4w8d1v0u6w0f9x7d3q5s0y8e3,97,2022-12-14 21:14:18.241052,meditation found
196,minibuddha,/guided-meditations/q7q1d5s8z8a4y3q9k5b9c6t1s4s4t7z3k9p0e8w2,97,2022-12-14 21:14:18.241052,meditation found
197,minibuddha,/guided-meditations/h3h1j9k8k1f6j5x7b9s6d1z7d4h9e1v4p8f2q1h2,97,2022-12-14 21:14:18.241052,meditation found
198,minibuddha,/guided-meditations/s9p4u8t3d9v1z8v7j1h9j1h3q2k1x7q2c6s8s2j6,97,2022-12-14 21:14:18.241052,meditation found
199,minibuddha,/guided-meditations/u0s0h6e2h1n8a0n2e2e9h7n3d7j3q4s3p8e6e6r3,97,2022-12-14 21:14:18.241052,meditation found
200,moodlove,/guided-meditations/q2t0y4h7c7b3g9x9c6t3h5w6t5q5m8p1h4p2u9b4,97,2022-12-14 21:14:24.011488,meditation found
201,mattcoldrick,/guided-meditations/t9g6c5k7q4h6v1h4z6c3c7k3p2d1r5z8y6d9e3z3,97,2022-12-14 21:14:46.549165,meditation found
202,mattcoldrick,/guided-meditations/q0t2h2m4p5c7h8e0y9m3w4s0p1b1e5y3s6n0z3f4,97,2022-12-14 21:14:46.549165,meditation found
203,mattcoldrick,/guided-meditations/q8j5h9n8z1g1n9v2y6h0d5q6p4u9r2y1w7h5a2n9,97,2022-12-14 21:14:46.549165,meditation found
204,mattcoldrick,/guided-meditations/n8y2b1h6n9r4q6w1d2v7t0g8e1y7n5d1w9f5n7f7,97,2022-12-14 21:14:46.549165,meditation found
205,mattcoldrick,/guided-meditations/w7w5l9w2y4s8w4k7c3s3c5w9x5w5p2w4d9g7w8n8,97,2022-12-14 21:14:46.549165,meditation found
206,mattcoldrick,/guided-meditations/e4q6b4g0c7u1f3j5u1u9k4u8j3a3y0h0c4w5b8g8,97,2022-12-14 21:14:46.549165,meditation found
207,mattborghi,/guided-meditations/x0s8d1v4e9h6c9k4t9w8q8u1g2q8r9j0k9k5s3r7,97,2022-12-14 21:15:08.135459,meditation found
208,mattborghi,/guided-meditations/r6d0u6t0s1j2p8u8a0n6m1x3x3g7z1l8b8v0j4a8,97,2022-12-14 21:15:08.151113,meditation found
209,mattborghi,/guided-meditations/q5k5s0r7s2h2r4c1c8r0y2s3m7t4l0d6y3u9c6b0,97,2022-12-14 21:15:08.151113,meditation found
210,mattborghi,/guided-meditations/b0z4a5q0e4b0c7u0j7k9z8m7d4n7k0r9s6d6w8h9,97,2022-12-14 21:15:08.151113,meditation found
211,mattborghi,/guided-meditations/v4j1l1e6f7u6d1p4a7h4d0d8y9y5j8z9b7w6q4y9,97,2022-12-14 21:15:08.151113,meditation found
212,mattborghi,/guided-meditations/k0y6b0f2f0m9x8z3q6h6w7x8w1y4l3w4d4r2m7q2,97,2022-12-14 21:15:08.151113,meditation found
213,mattborghi,/guided-meditations/u1a4d4a8d4d1s9c2f3f6b2h4r1e6r3k8y3s4w2t6,97,2022-12-14 21:15:08.151113,meditation found
214,mattborghi,/guided-meditations/t5j8y8a8k0h0s9f4e6s3s6e6g7n5q0g2y3s5e9t4,97,2022-12-14 21:15:08.151113,meditation found
215,mattborghi,/guided-meditations/z4u2d8g6s6r3v9s1f7g7w9e7t8k5p6j3t9j6h5e4,97,2022-12-14 21:15:08.151113,meditation found
216,mattborghi,/guided-meditations/c7p9v4u4b0u9y8r8w7s5v5j0b5w8p9d4a9w9g5t8,97,2022-12-14 21:15:08.151113,meditation found
217,mattborghi,/guided-meditations/c0h0a4j9l6z0x0r3g9w8t1d6r6t6r6h4a3q1f7p2,97,2022-12-14 21:15:08.151113,meditation found
218,mattborghi,/guided-meditations/v0h6w7y1g8d0w8r8m3k3d3d6s0q4l6k2y5l2x4f1,97,2022-12-14 21:15:08.151113,meditation found
219,mattborghi,/guided-meditations/n6x0p6n4h2w4d3t4h1z2n1n3m9w4v4n3x8u7w5z1,97,2022-12-14 21:15:08.151113,meditation found
220,mattborghi,/guided-meditations/q7p3e8z9m5b1g3e3m1j0w4h8l1w2h6z4b4b1x2g5,97,2022-12-14 21:15:08.151113,meditation found
221,mattborghi,/guided-meditations/b4f8r2t2f0w2g6k0v5d7a6r4s7n9e5e8j7t1c7w4,97,2022-12-14 21:15:08.151113,meditation found
222,mattborghi,/guided-meditations/y0u1f3d8w9a4z1p6t6l4h3r4q9t6j2e7h7h0e3k5,97,2022-12-14 21:15:08.151113,meditation found
223,mattborghi,/guided-meditations/x2r9u4z2v1d1h9h0x7b0k6d3n5a8p4r3w2z3b1r0,97,2022-12-14 21:15:08.151113,meditation found
224,mattborghi,/guided-meditations/k3z8y9f5s6d2d1r4r8s2r2n2y3a5x4z3n9a6y1m0,97,2022-12-14 21:15:08.151113,meditation found
225,mattborghi,/guided-meditations/y1n5q1a8b0z0j4m3z5c9n5h5r0p0r7k8m6k8y2r7,97,2022-12-14 21:15:08.151113,meditation found
226,mattborghi,/guided-meditations/c1t9v6m2v2n8h5g6f8v2b1d9r2x2a0r1n0j6q4d9,97,2022-12-14 21:15:08.151113,meditation found
227,mattborghi,/guided-meditations/e6h5r6f1f6j7t4x8p1k5w0v6p8z5u2u1j6z1f5k7,97,2022-12-14 21:15:08.151113,meditation found
228,mattborghi,/guided-meditations/z1v5r4c2l2s2v5c0x2t7f3h7z2y9t6h7v1e9g2s1,97,2022-12-14 21:15:08.151113,meditation found
229,mattborghi,/guided-meditations/d3u0s3f7y2f1c5w2m4x1a1y5k3l5r1r9m6c3v4k1,97,2022-12-14 21:15:08.151113,meditation found
230,mattborghi,/guided-meditations/z4p3s6e0d7v1r7d5y9q7x5a1c5p9h1c9l9z6c5x6,97,2022-12-14 21:15:08.151113,meditation found
231,mattborghi,/guided-meditations/h1p7q8c0f5k8s3x2d3k3v7j1x8v7n5v2r8v0j1z6,97,2022-12-14 21:15:08.151113,meditation found
232,mattborghi,/guided-meditations/h8q0n1e1f5r0n1r8g4u0y0u5c4d3y8w4w5d7s8c3,97,2022-12-14 21:15:08.166713,meditation found
233,mattborghi,/guided-meditations/m9t8f9n0z7k3c5d7m3r5r5j7r8y7q7y0x4m3w1l0,97,2022-12-14 21:15:08.166713,meditation found
234,mattborghi,/guided-meditations/w4f3h2b9g7g3u0c9s8k8b4z5m9c7f7y8f0w0r1m4,97,2022-12-14 21:15:08.166713,meditation found
235,mattborghi,/guided-meditations/m8n9m5n1u9y5p0u8j7x8t8t2d7j7a9d1f8p2l2x5,97,2022-12-14 21:15:08.166713,meditation found
236,morganwebert,/guided-meditations/g6f9w4s5p9z5h9y7n8u6y2q8y8d5s6v4t0a1c7l3,97,2022-12-14 21:15:30.599577,meditation found
237,morganwebert,/guided-meditations/u1w3y7x1h7u1c3b8s7n8e1a9d5a0w6u3u7d6r8s6,97,2022-12-14 21:15:30.600595,meditation found
238,morganwebert,/guided-meditations/k4p9c3t0w8n1e4q4s1w3q0k4u0q8x5y7j5d4y4y7,97,2022-12-14 21:15:30.601600,meditation found
239,morganwebert,/guided-meditations/c7d6v9x4g0x1n4u4u8v9r5v4w6u0g0g6q9j8v0t2,97,2022-12-14 21:15:30.602599,meditation found
240,morganwebert,/guided-meditations/y8t0e8h6u8c3h1r5v8v7z5v1z9y6v6a7t1c4h5d9,97,2022-12-14 21:15:30.603590,meditation found
241,morganwebert,/guided-meditations/v0n9x8c8f6b5v6p8j0f7k9x0u1t4h2u4d7g3j6q0,97,2022-12-14 21:15:30.604588,meditation found
242,morganwebert,/guided-meditations/s7t2f9e5d2s9m2h2p1g8v1a0b0p9f4x2n3e0e1j4,97,2022-12-14 21:15:30.605592,meditation found
243,morganwebert,/guided-meditations/f0v9u5r1f4y3v4j0b5b6c9c0n6s1p8q2k8g3k1b1,97,2022-12-14 21:15:30.606587,meditation found
244,morganwebert,/guided-meditations/v7g0f6c9c8u0u8x0s5s6j3h5d2g8g7j9c2a6j2q3,97,2022-12-14 21:15:30.606587,meditation found
245,morganwebert,/guided-meditations/r3w0w2j5y6p7n2r9r5f1r0w7j2d4d1u7t3s2c6s1,97,2022-12-14 21:15:30.607671,meditation found
246,cosima__c,/guided-meditations/z8c0a3j8h9n4x4u8f9w7z9g6y8t0r9b0m9h9z2e2,97,2022-12-14 21:15:53.015603,meditation found
247,cosima__c,/guided-meditations/l5k1a0g1a0v7c6u6a7k5l5k5w4a9s8j4f4z5t4w0,97,2022-12-14 21:15:53.016578,meditation found
248,cosima__c,/guided-meditations/u1k8a8a5z2b1c4m4n8t1f8s4v5f2u8a9l8j1e5u8,97,2022-12-14 21:15:53.017579,meditation found
249,cosima__c,/guided-meditations/y6f7a9v5m2x9x8l0t1k1p8s6u2b0r9x8z8l8n2c1,97,2022-12-14 21:15:53.018582,meditation found
250,cosima__c,/guided-meditations/v3z1w4q8a1p0t8v2r2q5r3k2z5n0s5u8t7b2u4u8,97,2022-12-14 21:15:53.019579,meditation found
251,cosima__c,/guided-meditations/z5x2p2l6r4q1g1g1t4f4p5j5h7q8b0q2p0t1f1t0,97,2022-12-14 21:15:53.020579,meditation found
252,cosima__c,/guided-meditations/t9s2j3q7p1p8b2a4m8k9j2k5q1c1t7x5z9g9s6z7,97,2022-12-14 21:15:53.021589,meditation found
253,cosima__c,/guided-meditations/u4h3r3z6t0e1a6f7b3a0p0s7y9r8r0z4u3b6q8e3,97,2022-12-14 21:15:53.022579,meditation found
254,cosima__c,/guided-meditations/m5k1g5v8x6z2k8c1t6s6e2q6v0m7t4n1k8g5h1x2,97,2022-12-14 21:15:53.023600,meditation found
255,cosima__c,/guided-meditations/q1q4c8g7t1q5d8q9q8f9v0r9k8f1r3g3q8j8r7b3,97,2022-12-14 21:15:53.024577,meditation found
256,cosima__c,/guided-meditations/v4u3r6a7f7g2p3m6q1h3v9n2l0p5s3d6x6u7z4n1,97,2022-12-14 21:15:53.024577,meditation found
257,cosima__c,/guided-meditations/a6s8g6v6y3v8a0n0a3k2u9s1r3e0m6q6f8j6z2z7,97,2022-12-14 21:15:53.025577,meditation found
258,cosima__c,/guided-meditations/a9t5g1t4t4j5v1w2r0z6g5e4a4v7s4d9t1b3f5h2,97,2022-12-14 21:15:53.026577,meditation found
259,cosima__c,/guided-meditations/d2b3e3c2r6b3s2c1v8j9f3u3b4w8a6g4t9c0m3p2,97,2022-12-14 21:15:53.026577,meditation found
260,cosima__c,/guided-meditations/b1v9f1y8p5n6y3r5v9d1n4c2x7k3a4n7e6c5j9v6,97,2022-12-14 21:15:53.027578,meditation found
261,cosima__c,/guided-meditations/k7p7u1b5w2u6f5r3y1x2q0d8h4j2t0z4w2d5t5b9,97,2022-12-14 21:15:53.028578,meditation found
262,cosima__c,/guided-meditations/b4u2b3z1l9g0e0e2s7x8x4v2c0v1t2t9n6w3v6b8,97,2022-12-14 21:15:53.029578,meditation found
263,cosima__c,/guided-meditations/f2n1g2q6h9w4u0m3a7t6p4r4c0x9y0j4l2f4b7e5,97,2022-12-14 21:15:53.029578,meditation found
264,cosima__c,/guided-meditations/j4m5z2s9w9k2y7t7e6w0e7n1r0n3a3k4q3j1e0v9,97,2022-12-14 21:15:53.030578,meditation found
265,cosima__c,/guided-meditations/f7c1n1h6m1c1u6m7u2w0z0v8a5q2v8k0a3e4b5e6,97,2022-12-14 21:15:53.031578,meditation found
266,cosima__c,/guided-meditations/p8r5x0g4m3j9e9m6x6r1d4p2b8b6b7f3m7c5r8g9,97,2022-12-14 21:15:53.032584,meditation found
267,cosima__c,/guided-meditations/l7g1u0k8w4m8m6p2r7s3v8g7u3s0g3v5x1s4r0j2,97,2022-12-14 21:15:53.033578,meditation found
268,cosima__c,/guided-meditations/q4u2l3u4z7n1v7s4a2m6g6l3r6k6q1l7k8t7f7b0,97,2022-12-14 21:15:53.033578,meditation found
269,cosima__c,/guided-meditations/s1p6u0b1u6w5a8j9w5n0e2v6b8q7d0g3m8p8x7r9,97,2022-12-14 21:15:53.036577,meditation found
270,cosima__c,/guided-meditations/m1x9m9t6a9r6e8s0r6n7r6g8b3x9b0l1d8r1d5r3,97,2022-12-14 21:15:53.038577,meditation found
271,cosima__c,/guided-meditations/r8k6u7s3w3j0f9t2f2n5s7q3s5c7w5y8b5u6r3k3,97,2022-12-14 21:15:53.041577,meditation found
272,cosima__c,/guided-meditations/d6f2h0n2y3s6x5j4a4h3x8p2w3u3e6h5m5p7c3e9,97,2022-12-14 21:15:53.044578,meditation found
273,cosima__c,/guided-meditations/c8c5a3w1s1j5u3e6e0m7v7v3b5b0x9j5l2x4z7h8,97,2022-12-14 21:15:53.046576,meditation found
274,cosima__c,/guided-meditations/b8c0t4b3k1d4b8p0q5h2y5b4w5h5p5w5d8u5j6n9,97,2022-12-14 21:15:53.049577,meditation found
275,cosima__c,/guided-meditations/r8h5e7a7c6s9b2s0l5p9j0z5q1e9x3c6g6u1t4b4,97,2022-12-14 21:15:53.051576,meditation found
276,cosima__c,/guided-meditations/k5s7w6u2c7j0f3z5v9k1k2m1g9r8b5y8d9p8u4c1,97,2022-12-14 21:15:53.054582,meditation found
277,cosima__c,/guided-meditations/n9x6q1a3h9e6t7y6q8e8h1t9y2f6q7c7s8j8r5k2,97,2022-12-14 21:15:53.057578,meditation found
278,cosima__c,/guided-meditations/m5e8n8r1a0u0j3q9y3s7z4z0m0t7k6z1n3h3x2m1,97,2022-12-14 21:15:53.059578,meditation found
279,cosima__c,/guided-meditations/z4t7q0m0b2f9n3y8v5v9j5j8r7n4e3a3a4b5p5w3,97,2022-12-14 21:15:53.061577,meditation found
280,cosima__c,/guided-meditations/a5m8f6b9u6f5m6p1m2b2d8b5b1h8v4a9w4s9m5j6,97,2022-12-14 21:15:53.064582,meditation found
281,cosima__c,/guided-meditations/z2t6x7y9r4c3y6g5f5y7u5c6z8e7z6f1e4c6r1q6,97,2022-12-14 21:15:53.067581,meditation found
282,cosima__c,/guided-meditations/y8h9u6n1z4y5x0s0j6v2v7k9p1r9c2p3a5s9j7a5,97,2022-12-14 21:15:53.069583,meditation found
283,cosima__c,/guided-meditations/q4h4d9k6x6f5g1q1z8u6z0q4z9j9q4d4h5k9q8s7,97,2022-12-14 21:15:53.072582,meditation found
284,cosima__c,/guided-meditations/f5j9l6d4b0p4y4z6h7b2d5g3z5b0c9r7e3b3c0t9,97,2022-12-14 21:15:53.075583,meditation found
285,cosima__c,/guided-meditations/c2k8y9k4z9z9m1c3q2m3c7j5s5f0m3h1m3q1a0p1,97,2022-12-14 21:15:53.078582,meditation found
286,cosima__c,/guided-meditations/f8r6r3y7z9f6p5y6r3k5s6a7h4u0n6b1y5v6j5f8,97,2022-12-14 21:15:53.081609,meditation found
287,cosima__c,/guided-meditations/a4c6p9h4q5w2b1e4r3r9m3c7f3w2a6h1d2d7q4c2,97,2022-12-14 21:15:53.084609,meditation found
288,cosima__c,/guided-meditations/a8u6g2d1x3m8n1s2l8u1u4r7n0e2y1l5z4x1r1j1,97,2022-12-14 21:15:53.086609,meditation found
289,cosima__c,/guided-meditations/a1v5d9q2s8j8l3n3g9s0k5y4a6f0v6u0z4v3q3y0,97,2022-12-14 21:15:53.089608,meditation found
290,cosima__c,/guided-meditations/h0a4h6q3e0a3b7h1b3q2g1g1k8d2e2u0n0q6s1p4,97,2022-12-14 21:15:53.091608,meditation found
291,mattkelly,/guided-meditations/s1p3s2u2u2m0t8w0c0u5r7x9r4c5m1c2w0y4s7j8,97,2022-12-14 21:16:15.566172,meditation found
292,mattkelly,/guided-meditations/l0n3p9m4m6h1z8u3y6z5h6s1q8v5v3r2t0u3f5j6,97,2022-12-14 21:16:15.567154,meditation found
293,mattkelly,/guided-meditations/q5u9h2z6m7m5e9p5g5q2t4j2e2w2z9k7d5g9v7d9,97,2022-12-14 21:16:15.568150,meditation found
294,mattkelly,/guided-meditations/p6p3x3k0c3e5b5b4w2t7a3k1c5a7e0b4g7q6y9q6,97,2022-12-14 21:16:15.569150,meditation found
295,mattkelly,/guided-meditations/j6y8p2h6w0q7s4z1a3u3b0z6k2k1u6w7z2w5e0f4,97,2022-12-14 21:16:15.570150,meditation found
296,mattkelly,/guided-meditations/n0l8b4y7h9a5p4m1j4g7k4x1r9m1j3m0g6u9f4s8,97,2022-12-14 21:16:15.571150,meditation found
297,mattkelly,/guided-meditations/k0j0g9c7f3y3w4z3u6w5b6z1r5x8t1v8y1k7q0l9,97,2022-12-14 21:16:15.572150,meditation found
298,mattkelly,/guided-meditations/m2m6g6z1y6u7y8e4k0w4s5z5w2r8w3a5j4y2a0p4,97,2022-12-14 21:16:15.573153,meditation found
299,mattkelly,/guided-meditations/t2g0u6y3f5w8c3v6t4m0a0d0x2t8z0y3n8l9m6x7,97,2022-12-14 21:16:15.574152,meditation found
300,mattkelly,/guided-meditations/u4z2u7v2p3y6d3m2h7j8c5b1x0e1l8t0x4f3n3y1,97,2022-12-14 21:16:15.575151,meditation found
301,matooma,/guided-meditations/d4z0g8s8t0f2p8s0a8x3z0b5l3r3q9b1w2d2l9c3,97,2022-12-14 21:16:37.141731,meditation found
302,matooma,/guided-meditations/p9g0q0x8f0z8g7c9q6r7e7y7v7z0z7d5x0f1w0r5,97,2022-12-14 21:16:37.141731,meditation found
303,matooma,/guided-meditations/x3g8a9r9u3e2q8a1s5q7j9a8p5k5w0x9f8p7n5b8,97,2022-12-14 21:16:37.141731,meditation found
304,matooma,/guided-meditations/x7p3m2z1d0v7k2m6l2w7p0q4q8t2m6u3t5t0j3h6,97,2022-12-14 21:16:37.141731,meditation found
305,matooma,/guided-meditations/x3r5s3u8a5u8a4q0p6h5g2b4z7x5n2z8z5t1j1j1,97,2022-12-14 21:16:37.141731,meditation found
306,matooma,/guided-meditations/v7w6c7b2z6e0d7n7n5v1s9t8c4d5s3f0b9p5w2v7,97,2022-12-14 21:16:37.141731,meditation found
307,matooma,/guided-meditations/z3x3p6h1q5n5v3t8x6h1y1e2e4m4j8j8y4v3b4x2,97,2022-12-14 21:16:37.141731,meditation found
308,matooma,/guided-meditations/u6j2h8c6t8u3e7a5p1f1n4u4q6u5q9y3k7a3l3b3,97,2022-12-14 21:16:37.141731,meditation found
309,matooma,/guided-meditations/x1w9f0v6w9v6s8d3j2h9z0f5r5y0l2h1e0q7t6b8,97,2022-12-14 21:16:37.141731,meditation found
310,matooma,/guided-meditations/y3r4y5x5e9l3u2f5u9s7c5k8j2h1e8q7n1w2s3e0,97,2022-12-14 21:16:37.141731,meditation found
311,matooma,/guided-meditations/z8w3t3j8v8t8m4u9b8x8m9s1h9u5u4r3b2s2d1w2,97,2022-12-14 21:16:37.141731,meditation found
312,matooma,/guided-meditations/w7a0c3t1p9a5c0b9g5n5w1h7m6a7f0w5l4r5c5p5,97,2022-12-14 21:16:37.141731,meditation found
313,matooma,/guided-meditations/q0f7e3s9c8s5s9t7w1m3t2b6l1x9s2x1p7p0c2x1,97,2022-12-14 21:16:37.141731,meditation found
314,matooma,/guided-meditations/v7t6l0p2q3u3p8f3g7c5a7w8g2s5l3c2n2z0e6b3,97,2022-12-14 21:16:37.141731,meditation found
315,matooma,/guided-meditations/v1s7b7p6h8h1u5d8m4b3u3j9z8m8m5v5l2f3l9h0,97,2022-12-14 21:16:37.141731,meditation found
316,matooma,/guided-meditations/p1w7h1z2y4y2z5d2u7g5m4q1a3s5z5g5m5m2g1f1,97,2022-12-14 21:16:37.141731,meditation found
317,matooma,/guided-meditations/y6k4z3e5b4t4m7l2r3a9k6g7g0v3m2z1x0q8u5u1,97,2022-12-14 21:16:37.141731,meditation found
318,matooma,/guided-meditations/x2e5b9k1q9l3c7z1v4k8v5r4s7t2b2x6j5s1z6s0,97,2022-12-14 21:16:37.141731,meditation found
319,matooma,/guided-meditations/f4f6n2m6m3n2j9f6d2c9m1p6p4m5b6h6u8j8y8h7,97,2022-12-14 21:16:37.141731,meditation found
320,matooma,/guided-meditations/y4n5x4a9p0v8w4n4b4h7q5s6j4z7u9u9a5d7u1g6,97,2022-12-14 21:16:37.141731,meditation found
321,matooma,/guided-meditations/s4w4e8p5f1g1v3j3s1m9u3j4s9b8k1g3l5z4u4t1,97,2022-12-14 21:16:37.141731,meditation found
322,matooma,/guided-meditations/a3v6z3b2j8p3v4e2e2k6a4s1e7z1e3t9r1z6m6s6,97,2022-12-14 21:16:37.157368,meditation found
323,matooma,/guided-meditations/q0s9y2h9t1r1w1h1b5z5p0w8z4c9z6h1m6m2f8u6,97,2022-12-14 21:16:37.157368,meditation found
324,matooma,/guided-meditations/p5h9u7n7a2x9f8m7w7n7k5r0h7g9g9q1w7a1q6l6,97,2022-12-14 21:16:37.157368,meditation found
325,matooma,/guided-meditations/f2w6l2q9v7q2v4y5w4h4k6f3k2a6a3g9c8u9h6x2,97,2022-12-14 21:16:37.157368,meditation found
326,margaretrinaldi,/guided-meditations/q3x4u8e3j7a0k1q4u8f4m1n4b7e1r1c0x5p8y2r6,97,2022-12-14 21:16:58.764087,meditation found
327,margaretrinaldi,/guided-meditations/s1d0c8e9g0a5z6m0n8p1e3n1f0m0t5g4m2x5d4f4,97,2022-12-14 21:16:58.764087,meditation found
328,margaretrinaldi,/guided-meditations/x6x9u1g4u6e4y5t1h5b5q2t5t4h5f3u3p6t0f7n0,97,2022-12-14 21:16:58.764087,meditation found
329,margaretrinaldi,/guided-meditations/e9u0g3t6g6a5a0r9l7b3r4z4v2e3k9q9q5r2m7l2,97,2022-12-14 21:16:58.764087,meditation found
330,margaretrinaldi,/guided-meditations/s6e3r4b0e2z7r4n4h3a9q8g8j0n9f6c6r9y3b4f8,97,2022-12-14 21:16:58.764087,meditation found
331,margaretrinaldi,/guided-meditations/n8t8l2j2c8v3g3c6u5d8q5r0w2f2t0l6m4y7v7a8,97,2022-12-14 21:16:58.764087,meditation found
332,margaretrinaldi,/guided-meditations/y6b5d7h2u2c3m6s2p4c4u3d3q4h4e3j5b8u6m5y3,97,2022-12-14 21:16:58.764087,meditation found
333,margaretrinaldi,/guided-meditations/u3v4b2k7u2y9z2r2g7x2k0b9e4f3g4y4g5d9v6m4,97,2022-12-14 21:16:58.764087,meditation found
334,margaretrinaldi,/guided-meditations/g7v0m3c8b4q1z3x7n1g4e6m9g9f2t1g0g0x6c4d7,97,2022-12-14 21:16:58.764087,meditation found
335,margaretrinaldi,/guided-meditations/m0w9b5b3d1y5u8v1r1j4c8s9w6m1h4c5x1l4a5x7,97,2022-12-14 21:16:58.764087,meditation found
336,margaretrinaldi,/guided-meditations/c3y3w8w5b1r8t8j8k4e9c6c9a7h7c7r4x2y9v9n9,97,2022-12-14 21:16:58.764087,meditation found
337,margaretrinaldi,/guided-meditations/h6h2d5k3s0e1z0z0h1m2h5c9w5m7m1k1f7y9u2x7,97,2022-12-14 21:16:58.764087,meditation found
338,margaretrinaldi,/guided-meditations/e8r6f6y8u5f4b4b6p3k4s4v9t5j1u1r0l3e1e5r2,97,2022-12-14 21:16:58.764087,meditation found
339,margaretrinaldi,/guided-meditations/d1x4z5a3a2v2u8t8u9u6t9w8q7r5k6a0c9c1r4j7,97,2022-12-14 21:16:58.764087,meditation found
340,margaretrinaldi,/guided-meditations/v9v5u3c0w2h9e8g9r6w5a1w7a4l4v6j2x3q2d0k2,97,2022-12-14 21:16:58.764087,meditation found
341,margaretrinaldi,/guided-meditations/t0e4h4e3r7y6t2z8w7x3y4v4t4s6n2k6d8v5q3j4,97,2022-12-14 21:16:58.764087,meditation found
342,margaretrinaldi,/guided-meditations/g6k9s1p4b8b0t0p8e7k2s0j8n0z5h0h1y4u9q7v1,97,2022-12-14 21:16:58.764087,meditation found
343,margaretrinaldi,/guided-meditations/j5c2s2v1j4m9j2f1g6m5n4m1m0t3g6x9t0m6e7a5,97,2022-12-14 21:16:58.764087,meditation found
344,margaretrinaldi,/guided-meditations/t8m3e2g5q1p8c2m3b7b8y0q6t6g8h9a4c6n8p1n7,97,2022-12-14 21:16:58.779657,meditation found
345,margaretrinaldi,/guided-meditations/m4u7q0m1q5h4q0q7c6r1x7q3r2s6a7v9z5d7p1e1,97,2022-12-14 21:16:58.779657,meditation found
346,margaretrinaldi,/guided-meditations/z5e7h4l3t3r5q3s5s1a1e2l3r9h7r2v9g0d5w0p6,97,2022-12-14 21:16:58.779657,meditation found
347,margaretrinaldi,/guided-meditations/g2x4d5w7f2s3n6m8v3b2j9a7y4w6f1b5y2c1m6t2,97,2022-12-14 21:16:58.779657,meditation found
348,margaretrinaldi,/guided-meditations/a7s0a0f0s7b3d3b3x9x8s6e7q2b0n6n1g3v0k2x2,97,2022-12-14 21:16:58.779657,meditation found
349,margaretrinaldi,/guided-meditations/t5m4b8k8a9t0y2n5n3h0n5u6h6x3m5h5a0g1u6r4,97,2022-12-14 21:16:58.779657,meditation found
350,margaretrinaldi,/guided-meditations/q4n4r9m4q5s3d4g4k0k9c9b0j6y6c0e8a5x0g5l5,97,2022-12-14 21:16:58.788729,meditation found
351,margaretrinaldi,/guided-meditations/y8w3v5r1q1m9s8d2k2j7k1u8m5h1f7n3n6c3r7e0,97,2022-12-14 21:16:58.791749,meditation found
352,margaretrinaldi,/guided-meditations/f4j3g7g3a7s9v0d6j5f1p4d1d8w4c2l9f0t0b6a6,97,2022-12-14 21:16:58.793751,meditation found
353,margaretrinaldi,/guided-meditations/p5n5p7j1v6c6t8h7t4v1f3r9b4p3m4v5w4m7w7s4,97,2022-12-14 21:16:58.796756,meditation found
354,martinebatchelor,/guided-meditations/p2e4m4z7k7d9a3n8d2k2m0b8z8c5c2r3t4t9w5w3,97,2022-12-14 21:17:21.008227,meditation found
355,martinebatchelor,/guided-meditations/x5b0x0w1f2y1c5r9p1g0s6c0j0a6n8r0g2q8a8j2,97,2022-12-14 21:17:21.008227,meditation found
356,martinebatchelor,/guided-meditations/p2z5a2g6f1j0b5c5n0f0t3b8u6e9l5e8k8z6q2b6,97,2022-12-14 21:17:21.008227,meditation found
357,martinebatchelor,/guided-meditations/k7z9b2u3r2b7e5c2e8k0j3t6f8k3m2h8u6q9q3m1,97,2022-12-14 21:17:21.008227,meditation found
358,chelsieandspice,/guided-meditations/q4r0y1d8p7s9t1a5n1z0g4k9n2x2u0l6t5v0q3c0,97,2022-12-14 21:17:43.142406,meditation found
359,chelsieandspice,/guided-meditations/d0n8k2a1h6r1x2e5k9k6p0z2p9w1q0q5j7k9n2x6,97,2022-12-14 21:17:43.143405,meditation found
360,chelsieandspice,/guided-meditations/r0r9q2f6k1e4e2b6g1s8m2s1j9d6v7k0v1l1s6u8,97,2022-12-14 21:17:43.144404,meditation found
361,chelsieandspice,/guided-meditations/q5t5s1f1u5r5w4h1g6h9m4e4t6q0b0h1r4y5y9k3,97,2022-12-14 21:17:43.145405,meditation found
362,chelsieandspice,/guided-meditations/y7z1u0q2c6b4q5p1x6f8m9x7z3n1n5w0v4k2m5y4,97,2022-12-14 21:17:43.146406,meditation found
363,chelsieandspice,/guided-meditations/e0c4y6a1v1j8b9a8c3n0w3v3z1s9j9j3q1x3e2v5,97,2022-12-14 21:17:43.147406,meditation found
364,chelsieandspice,/guided-meditations/g5u5w4d5s0n9v3w8x9b9c0g0j2d6j6f8k3d3q5a0,97,2022-12-14 21:17:43.147406,meditation found
365,chelsieandspice,/guided-meditations/p4g4n5e9r8l6t5s6f2m5y0e0n2s5w6w8t0n3w0z3,97,2022-12-14 21:17:43.148404,meditation found
366,chelsieandspice,/guided-meditations/y6a0k8e0y7g3a9s2j5g0g2r1j9p1v1q4p6a1k1q0,97,2022-12-14 21:17:43.149419,meditation found
367,melissafield,/guided-meditations/s4g9b9w8p1h0f4b0x8h2p6d4d1q9w1b2s7n3s4q9,97,2022-12-14 21:18:05.387033,meditation found
368,melissafield,/guided-meditations/q1y2z4u9a6z1p6x0p3j8v6k5c3z2q5x2r3m4q7s4,97,2022-12-14 21:18:05.387033,meditation found
369,malhuxter,/guided-meditations/e7a7q9t9b5y1g7l9q0k6y7a6f3w8f0u8j8c9c6g2,97,2022-12-14 21:18:42.804041,meditation found
370,malhuxter,/guided-meditations/l2z2q6v7z0x6t2a1e9h0v2h4z4j6j9m4z9b4h0r2,97,2022-12-14 21:18:42.804041,meditation found
371,malhuxter,/guided-meditations/w9q2h1a2t4q4h1k2f2y8v8g4h7j4s8r1h9k6e2k1,97,2022-12-14 21:18:42.804041,meditation found
372,malhuxter,/guided-meditations/k4z7j2u2c3z3p8m8c8w6s6r3t7d0h5r3f6e3c2f7,97,2022-12-14 21:18:42.804041,meditation found
373,malhuxter,/guided-meditations/r1n7n1b7y1u0l1t7p4c7s9x0d3w3p6n0w0c3b4u7,97,2022-12-14 21:18:42.804041,meditation found
374,malhuxter,/guided-meditations/a4v5k4d7a2w2v1w3x8w8p0s3a9a5y6z9u3g7l4c6,97,2022-12-14 21:18:42.804041,meditation found
375,malhuxter,/guided-meditations/x2e0s1c6g2z9u7v9a6k5s8b7u0c4c5c6g4l7a0l3,97,2022-12-14 21:18:42.804041,meditation found
376,malhuxter,/guided-meditations/y1k2w4g0z1q1k6d9k5b0q9n2k2r3s3u2w0z5m0s0,97,2022-12-14 21:18:42.804041,meditation found
377,malhuxter,/guided-meditations/q9f5t8k4a4t2n0z6p3y5j7c5g8f6t5w0p9q1d3c6,97,2022-12-14 21:18:42.804041,meditation found
378,malhuxter,/guided-meditations/w1j5z6g4r3z8r1v7k7e2h0r7d9z4d9d3w1d5p6c4,97,2022-12-14 21:18:42.804041,meditation found
379,malhuxter,/guided-meditations/v9d6e1l5v3v4f9h7b7h2r2s3m3q9w4t9c4r3g1c2,97,2022-12-14 21:18:42.804041,meditation found
380,malhuxter,/guided-meditations/t5p1k5v4t2n9r4k2b8c4f9b1h1n7t7t8r4d4g6k8,97,2022-12-14 21:18:42.804041,meditation found
381,malhuxter,/guided-meditations/a1u0l1k4p5a2r0x7r4k6j7y4z2v3g7q7z7e4s3e6,97,2022-12-14 21:18:42.804041,meditation found
382,malhuxter,/guided-meditations/k3q7n4h7a7l5a2b2b1y6r2q0w8w0n9c4j2y2m8r3,97,2022-12-14 21:18:42.804041,meditation found
383,malhuxter,/guided-meditations/a0w3g0z1v5b5q6b2z3c9x3d4a3j6j9w3a3j2k4w1,97,2022-12-14 21:18:42.804041,meditation found
384,malhuxter,/guided-meditations/f2s0k2t8e1u4g7v2t3a6h9h7k4t5h6j6h7y4h3t0,97,2022-12-14 21:18:42.804041,meditation found
385,malhuxter,/guided-meditations/w9x4s5l6f9w0q4e5q8m0q1w2h6z8n7c7e8c1c7e3,97,2022-12-14 21:18:42.804041,meditation found
386,malhuxter,/guided-meditations/l1h8j3k2g6n0k4v3p0m8r7r8y2d1t7q2k0b2a6b4,97,2022-12-14 21:18:42.804041,meditation found
387,malhuxter,/guided-meditations/t8a5u2g8d2q4y0m9n6t2t5t1r6l6a4d5l2q4s8f7,97,2022-12-14 21:18:42.819663,meditation found
388,malhuxter,/guided-meditations/g5t6j2a0k7b0n3a5w6b7n1r5e5c0k3h9q8r9g0b2,97,2022-12-14 21:18:42.819663,meditation found
389,malhuxter,/guided-meditations/p3m9p9v1b6q8q5r4s1p5s6m9t7v1r8a6e7m8g7e9,97,2022-12-14 21:18:42.819663,meditation found
390,malhuxter,/guided-meditations/e6c8r4h3p9k1y8h7t8w7q7y7a6h3f4d5q9n6m2n4,97,2022-12-14 21:18:42.819663,meditation found
391,malhuxter,/guided-meditations/m9a3a2c3p8j1y9n6e9h7e7e2z2k9m8b2z4h7n5x7,97,2022-12-14 21:18:42.819663,meditation found
392,malhuxter,/guided-meditations/c0g4u8y4j9e4r1n0j9m1c6s5a0z4e3z7f0t1a6b4,97,2022-12-14 21:18:42.819663,meditation found
393,malhuxter,/guided-meditations/s4x9a9r8g2u7l8v2c1c9w8x8w3m6r6z7m0q1n2w9,97,2022-12-14 21:18:42.835400,meditation found
394,malhuxter,/guided-meditations/j8k8v0b5d2b9r3f3r7r9j3y3y6y6p6c4y3a7k0c5,97,2022-12-14 21:18:42.835400,meditation found
395,malhuxter,/guided-meditations/n4p3x2w7l7c3b0t2m8x8f2n1n5h2n2v8g7u7w6j4,97,2022-12-14 21:18:42.835400,meditation found
396,malhuxter,/guided-meditations/w3y3q0b2p9v7w2v6b4p4v6z2d9n0c8n1y6b3n2d4,97,2022-12-14 21:18:42.835400,meditation found
397,malhuxter,/guided-meditations/f4m1l1h5n4b0f7r1v5r2n7k0s3s6v3n4p4h5z2f3,97,2022-12-14 21:18:42.835400,meditation found
398,malhuxter,/guided-meditations/g4y7d4h4q0f2r0x1y6c2g2y0h1a7e4k6e6c9q0e1,97,2022-12-14 21:18:42.851015,meditation found
399,malhuxter,/guided-meditations/h8b8c8a0f0c5y3v6p0k6c0x2z6j2e4d6t4j2t7d2,97,2022-12-14 21:18:42.851015,meditation found
400,malhuxter,/guided-meditations/j2e5r4b0w7y8n6y5r2u5m8s5p8c3e5z2a9k3b9z5,97,2022-12-14 21:18:42.851015,meditation found
401,malhuxter,/guided-meditations/a4w8c7n1g3c9w4h4x2k5x0p5m0v7u0r6c7y4c5q1,97,2022-12-14 21:18:42.851015,meditation found
402,malhuxter,/guided-meditations/u6c9c5q3h0z6c4t4c0t7c1s6v7n9n8s7z3b9y6q8,97,2022-12-14 21:18:42.851015,meditation found
403,malhuxter,/guided-meditations/y7c4k0z8v2p9v2y0p5d3y4j2x4r1v6x2v2z4q6m9,97,2022-12-14 21:18:42.851015,meditation found
404,malhuxter,/guided-meditations/j0f2z2c6m3l6y7r3p3b0m7z8c9g1g6g8r1g5m7m3,97,2022-12-14 21:18:42.866641,meditation found
405,malhuxter,/guided-meditations/g5s1g5s0n5s8z2y1w7x6j4q0d0h1s9x0w5q7m2e8,97,2022-12-14 21:18:42.866641,meditation found
406,malhuxter,/guided-meditations/t2z1b1f8r8v4u0n7z3k1e5k1q8w7y8f5s0l3j3f6,97,2022-12-14 21:18:42.866641,meditation found
407,malhuxter,/guided-meditations/v4y4c2w9f8w1c0l7k8n3z3r6d9b5s8p6h8n7r3t0,97,2022-12-14 21:18:42.866641,meditation found
408,malhuxter,/guided-meditations/k2f2e7u1a9t5v2k4v0z2c8w2s8s7e4p7q3a7n0y2,97,2022-12-14 21:18:42.866641,meditation found
409,malhuxter,/guided-meditations/a3b1p6g2b4j6v7u6a3x4x8b4r6a4m7z2x8g2v1n7,97,2022-12-14 21:18:42.866641,meditation found
410,malhuxter,/guided-meditations/h5y9v9y9f0z1z0v5q2f5a7x2c4a5a5b7c3y0q7m9,97,2022-12-14 21:18:42.882261,meditation found
411,malhuxter,/guided-meditations/d3w8e3a6d0s6q8n2r2b8k7d9s0v2e5f2r2j6z8j0,97,2022-12-14 21:18:42.882261,meditation found
412,malhuxter,/guided-meditations/n1p8d7e5j3j9k7v1n5n9r0p5n0s8d3b0b3j0h0p5,97,2022-12-14 21:18:42.882261,meditation found
413,malhuxter,/guided-meditations/s8q8h0v9n2w3n9e6s9b0f3j8m9p6j0m1k8z8e9s0,97,2022-12-14 21:18:42.882261,meditation found
414,malhuxter,/guided-meditations/l3g1l0f7g6l0c7u7g0d7u9l1d8y5m8j5d0d1r2v1,97,2022-12-14 21:18:42.882261,meditation found
415,malhuxter,/guided-meditations/u9c8j6m2c1p4u3t9x0r6a3z1t6p9t6k1g0c2p9n9,97,2022-12-14 21:18:42.882261,meditation found
416,malhuxter,/guided-meditations/h4b0e8t9g2a3f7n1h4c5j4h2t6g1a0b0h2z9u1h1,97,2022-12-14 21:18:42.897899,meditation found
417,malhuxter,/guided-meditations/u3l2r3h4p4n9s3x4z0x6r9t4t6e0u5m6j2q1j6p6,97,2022-12-14 21:18:42.900955,meditation found
418,malhuxter,/guided-meditations/g9w7e1y7n0q4a0l6m3y1c5r8r4r5z5l9p5z0p2t9,97,2022-12-14 21:18:42.904005,meditation found
419,malhuxter,/guided-meditations/q5w9s0n1j0f0e3e5w2a5t3t6g0x1e7g1d9d5g5k0,97,2022-12-14 21:18:42.906999,meditation found
420,malhuxter,/guided-meditations/j8q6m3d3h5k7j6e2y6w0u8l1g3f4p0d4g8r5d5j9,97,2022-12-14 21:18:42.908896,meditation found
421,malhuxter,/guided-meditations/x8r9f9d7e0y0h7h0x7b1g8y2u2k8p3e4b6f7b1u8,97,2022-12-14 21:18:42.912008,meditation found
422,malhuxter,/guided-meditations/y3e5b2t2b9l9n1j9j0z4g3a5l9n9r6m9y1k2n1a3,97,2022-12-14 21:18:42.914950,meditation found
423,malhuxter,/guided-meditations/t3d2j5h7a9e6y5d9f2b4v2t8h8l1x9d9f7f1e1n6,97,2022-12-14 21:18:42.917897,meditation found
424,malhuxter,/guided-meditations/r7e8v0j8f6p2h9s8q5l9r5j6w5e1w0p8y9t6e7f1,97,2022-12-14 21:18:42.920961,meditation found
425,malhuxter,/guided-meditations/t3s2z7d0r0h8w2h5t2h1d2f1e5c1t4p3p1k0v7j5,97,2022-12-14 21:18:42.924009,meditation found
426,malhuxter,/guided-meditations/g6j4a3c3s6s7h2v3z3m3y9e0p6w6j9q0l2c6b2d1,97,2022-12-14 21:18:42.926885,meditation found
427,malhuxter,/guided-meditations/u3n9e9t0v8q9g4u6t1r4a5y2n0q6u8u0u0y6k5x2,97,2022-12-14 21:18:42.928903,meditation found
428,malhuxter,/guided-meditations/d6z0w2b0z8s5m9j3p3l8f3r3l9e3h8j1t0e9j4f1,97,2022-12-14 21:18:42.931906,meditation found
429,malhuxter,/guided-meditations/a0a0g1c7y5y4p0b4w1m2c4a9e4n3f4m4e9n0z3k9,97,2022-12-14 21:18:42.934904,meditation found
430,malhuxter,/guided-meditations/e6u1p8a9j9k3t8b9j5b9v2h7u4g4l9x8u2v5m0d2,97,2022-12-14 21:18:42.936904,meditation found
431,malhuxter,/guided-meditations/l6q8z6f5r4u3z7j1n8u3k1k7j8d5s3f3x9k3s5r2,97,2022-12-14 21:18:42.939921,meditation found
432,malhuxter,/guided-meditations/c7m2x2v8b9d5t1g9t6e7r7n6k0y1a9x2g3r4j2b3,97,2022-12-14 21:18:42.941914,meditation found
433,malhuxter,/guided-meditations/u7l2w6g9b1g3r7u8r3b1t5g9a4z6k3p2l7s1z2g9,97,2022-12-14 21:18:42.944946,meditation found
434,malhuxter,/guided-meditations/w4g1v1g5g9s2n0m9y0w8w3b7v7q0c5q6n7e3x3h5,97,2022-12-14 21:18:42.946965,meditation found
435,merzandifardias,/guided-meditations/t0y2r0x6p4p8h5a8b7v0n3t4z1z5d4b2u4u9b8d4,97,2022-12-14 21:19:05.161637,meditation found
436,merzandifardias,/guided-meditations/w9b3n7r9v0x1g2w2h1m7j5a5k4w7n7s1v4z9h7b1,97,2022-12-14 21:19:05.161637,meditation found
437,merzandifardias,/guided-meditations/m1u5y3q7e5d3t0k2e0z4d6y5b0c2n7h2t0v1r4k6,97,2022-12-14 21:19:05.161637,meditation found
438,merzandifardias,/guided-meditations/d5e9u4f1p5q9v2j7p7a5t8x1p1l1c9v7c8g3t8w9,97,2022-12-14 21:19:05.161637,meditation found
439,merzandifardias,/guided-meditations/v6d0k1a5n7x4a3f8p4x7d3p1e5a2c9q8b4z8y4p4,97,2022-12-14 21:19:05.161637,meditation found
440,merzandifardias,/guided-meditations/e7j5s8v0n2k0m2y8m6b1w4k2w2z1u2e5a7f8r2w4,97,2022-12-14 21:19:05.161637,meditation found
441,merzandifardias,/guided-meditations/g3u6e2p5p7h5q3p5w8c5b1w2d8v3a8v5f6p2y7h1,97,2022-12-14 21:19:05.161637,meditation found
442,mfmakichen,/guided-meditations/n9q5s6b1w3z1q2r9h8x0n5u2e4a9e8c9c6m3t3f3,97,2022-12-14 21:19:29.902663,meditation found
443,mfmakichen,/guided-meditations/k7m3j4a6u9m0r3f3y6r0b4r9g2a9f4j7h5t8q9r4,97,2022-12-14 21:19:29.902663,meditation found
444,mfmakichen,/guided-meditations/h5b7h6k3j0v5n9d7r2k3q3m4j0q0j7n6y2d5d4h3,97,2022-12-14 21:19:29.902663,meditation found
445,mfmakichen,/guided-meditations/m8b8q2j0c4r7m3n7s1k2v1g1t0e9l6s2a5w3q3c3,97,2022-12-14 21:19:29.902663,meditation found
446,mfmakichen,/guided-meditations/k4c0d1e4z9c3v7y9s4j0r7u8w5b9x3p9h2a5t9z0,97,2022-12-14 21:19:29.902663,meditation found
447,mfmakichen,/guided-meditations/t1a8a5q1g5y5q2t8u3z9z8u5v2d8a2h4g7p2u6j5,97,2022-12-14 21:19:29.902663,meditation found
448,mfmakichen,/guided-meditations/l5d8e6k1c2e3w7q3z5j2c9a1w0c0v2m6g9k2w2s1,97,2022-12-14 21:19:29.902663,meditation found
449,mariecastello,/guided-meditations/p6w8d8a8k0s5t6w0p5c6j8m9w5y0r2c7m0j5j0d4,97,2022-12-14 21:19:52.190752,meditation found
450,mariecastello,/guided-meditations/c7l8z4h3z4c6k0d4y7l4n4s2z0a7f1p8m3d3x2g4,97,2022-12-14 21:19:52.190752,meditation found
451,mariecastello,/guided-meditations/r3c2l1h7t3v9v2k2h9w8e4p3w7v8e3j2u1r3n0n6,97,2022-12-14 21:19:52.190752,meditation found
452,mariecastello,/guided-meditations/b6v5f9b4h4d3j1r1w3y4q9f8n8j7c2j2g9x1j2y7,97,2022-12-14 21:19:52.190752,meditation found
453,mariecastello,/guided-meditations/f7u4y3r7f4x2w1j0l4r8z1a4e1g3w3d5t1q1d2a9,97,2022-12-14 21:19:52.190752,meditation found
454,mariecastello,/guided-meditations/v0u7q8e3w1n5q8f6b7t6l6t6f4c3r5j8h5c4h2e6,97,2022-12-14 21:19:52.190752,meditation found
455,mariecastello,/guided-meditations/g9l8p4g0x5f6r7c1e2f9v0s8p5l8z7x4m3e8v3w6,97,2022-12-14 21:19:52.190752,meditation found
456,mariecastello,/guided-meditations/e7q4n1x6q7v9x4a8x2d9e5q3s4c4j0q0w7v7b1k1,97,2022-12-14 21:19:52.190752,meditation found
457,mariecastello,/guided-meditations/s3f5n0q5m6j7t8n6f8e1x7n9m7q2w8g5f4f3f6f8,97,2022-12-14 21:19:52.190752,meditation found
458,mariecastello,/guided-meditations/p0f5d0x1s6h8h0r7b8f7x2n5n8x4r3w8p1l1x2s6,97,2022-12-14 21:19:52.190752,meditation found
459,mariecastello,/guided-meditations/m0b3v3d1d2v0t2t1v6q5a5n1u9z6m8d8u6u0z8z2,97,2022-12-14 21:19:52.190752,meditation found
460,mariecastello,/guided-meditations/u5b0c4x0j0e7j3v2h8v7k1h5n0m0r3e4q2n9h4x5,97,2022-12-14 21:19:52.190752,meditation found
461,mariecastello,/guided-meditations/w1x7b9z6p2e4d3e8q8h3f9h7y5x0w9r6v3s4n5x4,97,2022-12-14 21:19:52.206269,meditation found
462,mariecastello,/guided-meditations/s8h8v8a9h8z8g3x0h8b9x7t0f8k0c1p6w5q1a2v3,97,2022-12-14 21:19:52.206269,meditation found
463,mariecastello,/guided-meditations/q5k7c1u9t6k3c5j5b3v0q2m2j2b9d4s7l0e4a6f2,97,2022-12-14 21:19:52.206269,meditation found
464,mariecastello,/guided-meditations/v1b5n9b6r6y9d5a5p9d8n1z3h1n3x7w9b2s8x0y1,97,2022-12-14 21:19:52.206269,meditation found
465,mariecastello,/guided-meditations/q0p6c5b7v4x5s1v0f3c7v9v4a7e4d3k0s7j1b3z7,97,2022-12-14 21:19:52.206269,meditation found
466,mariecastello,/guided-meditations/u6j4c1u2f5f3m0l7v3u9w7w4a1r0u1v7f1w2k3m0,97,2022-12-14 21:19:52.206269,meditation found
467,mariecastello,/guided-meditations/m4e7n9f7q6s1r5y7c3f1z5y4s5a4c9q0n9n9h6d5,97,2022-12-14 21:19:52.206269,meditation found
468,mariecastello,/guided-meditations/y1x2n6l7n9r4t5p7k7l6n6w5y4y9w1k3q5r8n5f5,97,2022-12-14 21:19:52.221911,meditation found
469,mariecastello,/guided-meditations/m3j6z5y9h0q5y1n4k4b5t4t2f4n4p5n3g8y0t7y3,97,2022-12-14 21:19:52.221911,meditation found
470,mariecastello,/guided-meditations/k6b9g6n6q8e8t9g8h1j5d3f9g3d2f1q7t4n0v7w5,97,2022-12-14 21:19:52.221911,meditation found
471,mariecastello,/guided-meditations/t8j5q0n1v4y8l5r8f7r2c3e8t3c6y4n6u7g2t7d6,97,2022-12-14 21:19:52.221911,meditation found
472,mariecastello,/guided-meditations/w3w8m6s6w2w8u5q4d8c0y6e2p1v8v7w7d4t2z9w2,97,2022-12-14 21:19:52.221911,meditation found
473,mariecastello,/guided-meditations/t2n8j4a2g3q7j6a7n7f4v6j6a6w9b7k9s1j8d2b7,97,2022-12-14 21:19:52.221911,meditation found
474,mariecastello,/guided-meditations/t4z8b4r2c5n7s3w7k3u4b0p9c6s0d7x0g3v2u1x5,97,2022-12-14 21:19:52.237532,meditation found
475,mariecastello,/guided-meditations/z1g0j8u1e1b2e6f2e6y3s1t2n9w3u0g2q3q4p0b6,97,2022-12-14 21:19:52.237532,meditation found
476,mariecastello,/guided-meditations/v2r9r4t3q4p3w7c6q4m7j7g7u8t5f0n3q9q2a1k7,97,2022-12-14 21:19:52.237532,meditation found
477,mariecastello,/guided-meditations/m3j0c9w4c0j0w8a9s8l8t9v3k4m7e6s1v4z7w4g3,97,2022-12-14 21:19:52.237532,meditation found
478,mariecastello,/guided-meditations/l4p2q9f0l0q1z4v9u8q0h9z8v3x5s5b6v4f5n8g4,97,2022-12-14 21:19:52.237532,meditation found
479,mariecastello,/guided-meditations/y3c2j1s2l1u2g7h6u8q0s2w6k4d7a1p9b1m3e7y7,97,2022-12-14 21:19:52.237532,meditation found
480,mariecastello,/guided-meditations/u5h6v2w5d9x2t1m8f7x1j8b0b1r8d4z2w6d4k8d1,97,2022-12-14 21:19:52.253163,meditation found
481,mariecastello,/guided-meditations/j4u6n6l9v6u2y9q3r7w9s3b2q1u2t3s5q5h8w8x9,97,2022-12-14 21:19:52.253163,meditation found
482,mariecastello,/guided-meditations/h3f5h3h1f2u6r8a6f1q3j0f1a6p2q6m1p1x0f7w7,97,2022-12-14 21:19:52.253163,meditation found
483,mariecastello,/guided-meditations/u0q5z9u6z0l8c2x8n6u6c7k8s4n5s2p3q1r0n4u6,97,2022-12-14 21:19:52.253163,meditation found
484,mariecastello,/guided-meditations/a7n9f7l1r6y6g4s7w1x0a7c7f5k8w2n1w3g5d4x3,97,2022-12-14 21:19:52.253163,meditation found
485,miapark,/guided-meditations/g8f1u1z0e9c0g0t1z4k0e8n2j8z0l3t4h2z3m9n4,97,2022-12-14 21:20:14.762444,meditation found
486,miapark,/guided-meditations/b8h2v0j3l1j8u8u7e1p4k4c8u2w0c8c3w9s7v1c3,97,2022-12-14 21:20:14.762444,meditation found
487,miapark,/guided-meditations/s6r4q3r4e5n4w7g2u1e3x4e6h9a3r5r9m7d3n9k5,97,2022-12-14 21:20:14.762444,meditation found
488,miekevanhecke,/guided-meditations/a3q9f8a8x9h1s8w4a0v2d2p9x8j4e8h3t3d3a2b4,97,2022-12-14 21:20:46.284622,meditation found
489,miekevanhecke,/guided-meditations/y4q5z4g6j4f0h8d0x8s4v4c3d3r9s2z2d8c3j0e0,97,2022-12-14 21:20:46.284622,meditation found
490,miekevanhecke,/guided-meditations/v4c5x8w0g1q7s0b7h8v2t2a5n4k2f8u0n8r8y4q3,97,2022-12-14 21:20:46.284622,meditation found
491,miekevanhecke,/guided-meditations/z0w4k7p0k1q5l8g0j9b5q4h3y4x2a7m0y9n8h5z8,97,2022-12-14 21:20:46.284622,meditation found
492,miekevanhecke,/guided-meditations/z5q5u4j3l8y4x4w0n5v0r0a6e5f9m7l0l5v2q1f4,97,2022-12-14 21:20:46.300332,meditation found
493,miekevanhecke,/guided-meditations/n1t4k6y2g9g8p9p7m5b0z7c9t1e7m2j5d7r9p4c7,97,2022-12-14 21:20:46.300332,meditation found
494,miekevanhecke,/guided-meditations/k3r4x6s5y1h4n3j1e8j8w8p2d1q0s0q6r9m4d7n7,97,2022-12-14 21:20:46.300332,meditation found
495,miekevanhecke,/guided-meditations/d8m8f7k4p5h1j5q9s7s8f3r8u1b5g3a1e4u1f8j3,97,2022-12-14 21:20:46.300332,meditation found
496,miekevanhecke,/guided-meditations/r3a0z9f9d5q7e5y4y0b6c4q2x4q2p4f0u8r3k9e3,97,2022-12-14 21:20:46.300332,meditation found
497,miekevanhecke,/guided-meditations/v3x9v1d9r9u1c4s1d7u1n4l6r2w4s6q8x5j9g3q4,97,2022-12-14 21:20:46.300332,meditation found
498,miekevanhecke,/guided-meditations/s8z5f8m2n9j7j9a9c4e4v2m8t2r9e9y5k2a1r6t6,97,2022-12-14 21:20:46.300332,meditation found
499,miekevanhecke,/guided-meditations/n6z8u7z7l0v3m4w9z6e5v1g9f0a3m2t3f0k1v6p1,97,2022-12-14 21:20:46.300332,meditation found
500,miekevanhecke,/guided-meditations/g5d1h3a6j1c6r2r4u6a5f4m0x7d6p5r3e7v9r1v9,97,2022-12-14 21:20:46.300332,meditation found
501,miekevanhecke,/guided-meditations/f8f1g2t3g2w8u4d0p8e2d1f1u2x0v1f6q3g9z9j5,97,2022-12-14 21:20:46.300332,meditation found
502,miekevanhecke,/guided-meditations/u9x5x3c0y5x1u4s9p6e5q6r6m9t4r7d1b6b3r6t0,97,2022-12-14 21:20:46.300332,meditation found
503,miekevanhecke,/guided-meditations/q3a7g8x7d7m4c2u3q0y6e2f3m5b2h8z2b3z7p8y7,97,2022-12-14 21:20:46.300332,meditation found
504,miekevanhecke,/guided-meditations/w0m6v4t0m3f2s6n6j7u0h0u0d8u6r2e2b0m6v0m9,97,2022-12-14 21:20:46.300332,meditation found
505,miekevanhecke,/guided-meditations/l0k0z2j5v1b2x2g2q8r0g3e1d0z2s0x1y8w9z6c6,97,2022-12-14 21:20:46.300332,meditation found
506,miekevanhecke,/guided-meditations/s4u6w2q6g4a2b1b4l4b9m2k0c8n3k6r3x2w8l0e8,97,2022-12-14 21:20:46.300332,meditation found
507,miekevanhecke,/guided-meditations/v6y4h8f4m3q1e2t0f0c0g6f9u8r9b1y8d5a4a8m9,97,2022-12-14 21:20:46.300332,meditation found
508,miekevanhecke,/guided-meditations/h6t0u0d0f2e7l1m8b8n9n0c4g5d5v7x9a2d1v1l9,97,2022-12-14 21:20:46.300332,meditation found
509,manomeditatie,/guided-meditations/h5z5v7b7z6z5l3w7g6e9b2m1k7x4y1n9u6h8k7f6,97,2022-12-14 21:21:07.790657,meditation found
510,manomeditatie,/guided-meditations/g4a6t3m1t8q2y7d4u6k7v3m9t9j7m5z0j0v8p7s4,97,2022-12-14 21:21:07.790657,meditation found
511,manomeditatie,/guided-meditations/l3x4w9u7n1g3r1a2u0x9f6a2f4k9v3b4n5n9u5a4,97,2022-12-14 21:21:07.790657,meditation found
512,manomeditatie,/guided-meditations/t3h9l4b7k9c1n9d5t6a6s2t3m0q6m6d1e5e0q4h9,97,2022-12-14 21:21:07.790657,meditation found
513,manomeditatie,/guided-meditations/k7n5n0a0k3f9q7k0e0u0h7e7z5y5r0a7s8q8w0e3,97,2022-12-14 21:21:07.790657,meditation found
514,manomeditatie,/guided-meditations/w2s8b7c5a1e5g0q4x5m7l6l6j8g4p6j3y6n4f6d4,97,2022-12-14 21:21:07.790657,meditation found
515,manomeditatie,/guided-meditations/t5h8n6v4b8y5c8c4v7g5g6z9p6y8a4c2v5x8k2b4,97,2022-12-14 21:21:07.807371,meditation found
516,manomeditatie,/guided-meditations/z9g3x6c6d7d1b6s0p7t5g0g7p5q4q9y8a2j3h4t6,97,2022-12-14 21:21:07.807371,meditation found
517,manomeditatie,/guided-meditations/u6r5q3p2b6b3c8t5u4u2m1y5v7x5e8e4a1q9e5p5,97,2022-12-14 21:21:07.808354,meditation found
518,manomeditatie,/guided-meditations/n4k7z2e0r4q4b6f2v5r2k8r8z3z1f0m7s8l3g2f6,97,2022-12-14 21:21:07.809282,meditation found
519,manomeditatie,/guided-meditations/v7y6t7d2h6d3y1s7a1r1q8t3a9e5u6g3j7s5c1u3,97,2022-12-14 21:21:07.810313,meditation found
520,manomeditatie,/guided-meditations/m4e5p3d6m1a9z5s3g4e7z7g2c0l8d5t9h0x9g4m8,97,2022-12-14 21:21:07.810313,meditation found
521,manomeditatie,/guided-meditations/s2u4g5j0q5y8c7p1c3h5h3h7t6x1d5p6q8t6t4z7,97,2022-12-14 21:21:07.811303,meditation found
522,manomeditatie,/guided-meditations/b1s4j2v9z8h6p4p0e1d0n3x1k9y7t0q6f0j4t1q0,97,2022-12-14 21:21:07.812302,meditation found
523,manomeditatie,/guided-meditations/b3r4c1m3n3m1r3x7a8v9q1b9e9b0y5k8p8r7z0a7,97,2022-12-14 21:21:07.812302,meditation found
524,manomeditatie,/guided-meditations/v2j1x3s3y6m4b7g9z0m7m0b1s9w4g5r6j9g3j9y9,97,2022-12-14 21:21:07.813305,meditation found
525,manomeditatie,/guided-meditations/p9e7u4m2b9j9c3v8n0v0s5r0x6z9f8p7h6g2p0q1,97,2022-12-14 21:21:07.814304,meditation found
526,manomeditatie,/guided-meditations/g0m3v9d4u8p0b5h4q7a2g9t2e5m3h4u3s5x0a1y6,97,2022-12-14 21:21:07.814304,meditation found
527,manomeditatie,/guided-meditations/p1n8m5d4e6e2t9e6z1b5t5k8l8d3a7k8e2b3a1t3,97,2022-12-14 21:21:07.815375,meditation found
528,mymmabrain,/guided-meditations/v0z9j7b6m1m0h2p7x3x3f9b6a0q4r0n0n4h5b7g8,97,2022-12-14 21:21:30.079313,meditation found
529,mymmabrain,/guided-meditations/w4l7q7x2z6e9p1m2e6r1c2b6j6h9s0y5a3h5c3c2,97,2022-12-14 21:21:30.080591,meditation found
530,mymmabrain,/guided-meditations/z1a0y2c3r1t5j4w6n1q3x2x1z7c7g0c5t3f7g7m5,97,2022-12-14 21:21:30.083342,meditation found
531,mymmabrain,/guided-meditations/a7b8v4r6u4m1a8p2u7n7m9v3p8m6f7e0b2m3j9x8,97,2022-12-14 21:21:30.085707,meditation found
532,mymmabrain,/guided-meditations/p6r7s5v3n5s2r0g2l9j0t2q0s3g6h8d3q4w6n7b8,97,2022-12-14 21:21:30.086708,meditation found
533,mymmabrain,/guided-meditations/j1m9l5z2s6j6t6j4m7e1a0k9e0s9q3j0n9h6b4t2,97,2022-12-14 21:21:30.091712,meditation found
534,matthewcarter,/guided-meditations/x6f3s4z7p1y5d2v9c2k0p3e9c1w2q1d3q4e1n9m9,97,2022-12-14 21:21:35.873978,meditation found
535,matthewcarter,/guided-meditations/h1w2w6m8r4g8f6n3t0a2s8h3q8z1z7u6h8x6y4p0,97,2022-12-14 21:21:35.889512,meditation found
536,matthewcarter,/guided-meditations/w0b8h8f3u5a8c8p2s3z4v0c6f9e5p7z4g7z0a3r6,97,2022-12-14 21:21:35.889512,meditation found
537,matthewcarter,/guided-meditations/z5g0d1g2e0p7x2f3n0l9y4x8z6g8r4n3c8t4w7l4,97,2022-12-14 21:21:35.889512,meditation found
538,matthewcarter,/guided-meditations/a6r7p3j2x6w4u0y1s8t9p8y2m9f3h0g6r3l8d0k7,97,2022-12-14 21:21:35.889512,meditation found
539,matthewcarter,/guided-meditations/s5j8k2t8w0w8l0e7e4k4p0m0e4v2m5d0y4y4y4q5,97,2022-12-14 21:21:35.889512,meditation found
540,matthewcarter,/guided-meditations/s6y3e1g8e7t7h9v8z5h9x7z0u5a2s0j2f8g1q3u5,97,2022-12-14 21:21:35.889512,meditation found
541,matthewcarter,/guided-meditations/u0w0v5j2r8f8x7z9p4r7u6b4v1y6p4j4l3d4z3u8,97,2022-12-14 21:21:35.889512,meditation found
542,matthewcarter,/guided-meditations/r4r3a3v6k6j3s8m8z7y4z9n9u9g7w9y5u3c8m6h3,97,2022-12-14 21:21:35.889512,meditation found
543,matthewcarter,/guided-meditations/b3u5g4c5q5x6m8c0y8t5t0n8q1w9u7x1j0f0c6m8,97,2022-12-14 21:21:35.889512,meditation found
544,matthewcarter,/guided-meditations/v9d3s2b6u7j8v5p7g2s4k1r9u1u8n9u7j7w0x0s0,97,2022-12-14 21:21:35.889512,meditation found
545,matthewcarter,/guided-meditations/a8y5q4m7s0m1l0v3c3d8e5n9j7t3r5j0f8y9r4z4,97,2022-12-14 21:21:35.889512,meditation found
546,matthewcarter,/guided-meditations/b4n7k0h0p7d5p4z8y9v2u9q8h9l6s8t5b0j6a1p1,97,2022-12-14 21:21:35.889512,meditation found
547,matthewcarter,/guided-meditations/v4d9p9k5y1x9q3h4g7a5c9y2s4v2y6f7k3r7c9q4,97,2022-12-14 21:21:35.889512,meditation found
548,matthewcarter,/guided-meditations/q7h4f9b5y4q2d1s2n5m7h2f5d8t1s2s2w1r7t5r3,97,2022-12-14 21:21:35.889512,meditation found
549,matthewcarter,/guided-meditations/g1r6h8v1x8b7k7m7f5q6l3v8q8u7w2u8k0v0j9w4,97,2022-12-14 21:21:35.889512,meditation found
550,matthewcarter,/guided-meditations/e0j9l5u7a4u6w2u5q8l6r6h2k9x3r4w3e8q9h8q0,97,2022-12-14 21:21:35.889512,meditation found
551,matthewcarter,/guided-meditations/f9d3h4q9h4b4f1v2f3f0p8z0d5y3f2d6t6b3v7n6,97,2022-12-14 21:21:35.889512,meditation found
552,matthewcarter,/guided-meditations/w5p7u8t3r4x5t6r9w8d1w2z0q2u3r9x9f2e2m2d9,97,2022-12-14 21:21:35.889512,meditation found
553,matthewcarter,/guided-meditations/v2j0c1r7r1c5b7e8u7n4w2r1f4h7h3u1n8q1g2w1,97,2022-12-14 21:21:35.889512,meditation found
554,matthewcarter,/guided-meditations/s3y7g8r5k9r5n3r2f9l8s5h9u6f9d3z5b8t4h1a3,97,2022-12-14 21:21:35.905232,meditation found
555,matthewcarter,/guided-meditations/a4l5c8q2y2q6u0k8e1p0m3b6m9a2k6v0d3c4m3m3,97,2022-12-14 21:21:35.905232,meditation found
556,matthewcarter,/guided-meditations/w0r0n2g0x4b6q1n4u1c7s0a5u5d9t5d9g7v6y7v7,97,2022-12-14 21:21:35.905232,meditation found
557,matthewcarter,/guided-meditations/j9l5p2v8q9b1h2g8h2y1e6m8m6y2s6m1w8k3z9p6,97,2022-12-14 21:21:35.905232,meditation found
558,matthewcarter,/guided-meditations/d6n6q6n4c6x6y1k9y3c9q4h7b7c0p4c7k3l4u6q9,97,2022-12-14 21:21:35.905232,meditation found
559,meganmaccarthy,/guided-meditations/q9l9v5q5a6t6y7c5u6x3r4w2x4a3n2j0r9u6f5g0,97,2022-12-14 21:21:57.679781,meditation found
560,meganmaccarthy,/guided-meditations/k9e0f0j1e3m8h6y3b4e7x0b4x5k2r0n3n8z4q2q0,97,2022-12-14 21:21:57.695432,meditation found
561,meganmaccarthy,/guided-meditations/r3x7m7p4t6d4s4r0v0y2h5x0r0n5u6x3e8t0c6j3,97,2022-12-14 21:21:57.695432,meditation found
562,meganmaccarthy,/guided-meditations/m2b2y6e8p6j4p5x1n1j8r2m2q7y8g0r2n4h1s3m5,97,2022-12-14 21:21:57.695432,meditation found
563,meganmaccarthy,/guided-meditations/z7s2c4j4h3p9k6a3k0y6f6w2b3v8b9j6c8x7d4x7,97,2022-12-14 21:21:57.695432,meditation found
564,meganmaccarthy,/guided-meditations/t8u0l9g7z9v9m6r4l5n4s7t9b8l4p8g3j4k0s6h6,97,2022-12-14 21:21:57.711127,meditation found
565,meganmaccarthy,/guided-meditations/n0y8b1l2e8u2s4q8h9q6b0r4y9q4a6h9p7x8a9b6,97,2022-12-14 21:21:57.711127,meditation found
566,meganmaccarthy,/guided-meditations/g3s0n7r3b9m9q5r3c6b4c0r1y1t6u1t3h0v5e8g8,97,2022-12-14 21:21:57.711127,meditation found
567,meganmaccarthy,/guided-meditations/d5e9n0r0b4x9d8m4k5t3n2j5e1d5z9r4x4d2x6c0,97,2022-12-14 21:21:57.711127,meditation found
568,meganmaccarthy,/guided-meditations/q2b1c6d3t2d5p4k5v3h8j2r4w2r9u5p0a5s8e6s1,97,2022-12-14 21:21:57.726649,meditation found
569,meganmaccarthy,/guided-meditations/x2n4j5s0p1c7n3n5k4v0p7f4f7n8z0b8y5c4h6y4,97,2022-12-14 21:21:57.726649,meditation found
570,meganmaccarthy,/guided-meditations/g1g4b7r4c1u3n8e9p2n0w6q8p6p4l8f3r8p5c3q9,97,2022-12-14 21:21:57.726649,meditation found
571,meganmaccarthy,/guided-meditations/b0x1h2g7j2z1v6w3n0u4e7w0r4n1t5p1j7x7j2b3,97,2022-12-14 21:21:57.726649,meditation found
572,meganmaccarthy,/guided-meditations/x9f6m3p5p9u0p9m2x3u9s4n0n0y3q1f7l8k7p0b8,97,2022-12-14 21:21:57.726649,meditation found
573,meganmaccarthy,/guided-meditations/c8k0s4s5n1q0b3e3u2c3u1j6e6n3d1x7m2d1u9d5,97,2022-12-14 21:21:57.726649,meditation found
574,meganmaccarthy,/guided-meditations/j6e0d3g0g1h7p4y0t7h0h1d8t2f0a8r0n7c7p9k6,97,2022-12-14 21:21:57.742313,meditation found
575,meganmaccarthy,/guided-meditations/a3m5g7h6c5t8k9r7m8w4c0d9b2y5s3p0d0z7p3e8,97,2022-12-14 21:21:57.742313,meditation found
576,meganmaccarthy,/guided-meditations/m4h7y7w1p0t8x4m8s3p8b7h5g2f8t0x1d1b2p1m2,97,2022-12-14 21:21:57.742313,meditation found
577,meganmaccarthy,/guided-meditations/t2t8q0j7q8w2a9s6p3r8r1k2l1k5e7y5z4j5w9a2,97,2022-12-14 21:21:57.742313,meditation found
578,meganmaccarthy,/guided-meditations/m6r1x4u0z5r6a4h2v6b6d3k9x4v4c4q8c2w0l9u7,97,2022-12-14 21:21:57.757903,meditation found
579,meganmaccarthy,/guided-meditations/q6s1p3f7f0v3s2r6f8r8m3g6x6s2v7b9b2t1c2j1,97,2022-12-14 21:21:57.757903,meditation found
580,meganmaccarthy,/guided-meditations/e2y8v7q1k4a9a0q5j5r9p2k6s9g7p2y1k3z3k1t8,97,2022-12-14 21:21:57.757903,meditation found
581,meganmaccarthy,/guided-meditations/u9v5m6f1q8r1w3s4b9j6n8k8j8t0g8a3y5p1b0d5,97,2022-12-14 21:21:57.757903,meditation found
582,meganmaccarthy,/guided-meditations/f2n2q5f7r3x4n4f9u3l6m8c7v7d1q9e6g8b7y1w4,97,2022-12-14 21:21:57.757903,meditation found
583,meganmaccarthy,/guided-meditations/p1r1g8j9t0b7x2m8h7g1h7u9f2x9f7h2j4c2k7m5,97,2022-12-14 21:21:57.757903,meditation found
584,meganmaccarthy,/guided-meditations/t9z5e5k0a7g4j1r0r3y4v3z0k8j9p6b9f6j7v6l7,97,2022-12-14 21:21:57.757903,meditation found
585,meredithcameron,/guided-meditations/f5y9b3l5m3d7j3k7g9t9r2s3q8g5v9x3w0l9t2z8,97,2022-12-14 21:22:20.324322,meditation found
586,meredithcameron,/guided-meditations/b6a6w6t2h6c5h2j1f5k3v5u6w2f9e4k6j0p9f8r1,97,2022-12-14 21:22:20.325305,meditation found
587,meredithcameron,/guided-meditations/v0v5x1k1p1c0t1e8c3f4j8g1w0w8y0p7p5y6g0c3,97,2022-12-14 21:22:20.327323,meditation found
588,meredithcameron,/guided-meditations/m6y4c8j5n7h4j7h9t6n7x3l1h9m8y1u4v7x3t4j2,97,2022-12-14 21:22:20.328323,meditation found
589,meredithcameron,/guided-meditations/z7d7h8t6h0x3g2n1l7p8x4u2v6r4e4p3r8p4g9m4,97,2022-12-14 21:22:20.328323,meditation found
590,meredithcameron,/guided-meditations/z5b6y3q1j1a8n6y7x4c2k2u1b6z8g1k8z5z9k8d6,97,2022-12-14 21:22:20.329303,meditation found
591,meredithcameron,/guided-meditations/a2w4z7f8c6x0r8w6s4p5p4g8v2d2c6s4c6z4f3y4,97,2022-12-14 21:22:20.330322,meditation found
592,meredithcameron,/guided-meditations/y1d9u2n2b4s2c3u7q2u0z5k5w4f2t3t7r5z7r6j6,97,2022-12-14 21:22:20.330322,meditation found
593,mysticalzen,/guided-meditations/v7n8h0l2u7n1w8f4y3p8z4k3h9u8h0e2c8b8g7x4,97,2022-12-14 21:23:00.653111,meditation found
594,mysticalzen,/guided-meditations/n4q0t1g1u8g3j5n2d9z6c6x9r8e1r1g6p6j6t1z1,97,2022-12-14 21:23:00.668758,meditation found
595,mysticalzen,/guided-meditations/x9j1r8b4u0l2u7q6d8p7r3u5s7w6r2r0c3w6v2j3,97,2022-12-14 21:23:00.668758,meditation found
596,mysticalzen,/guided-meditations/t4f7c7p3w9x3p1a9k4q6e7d7q8x4r8c0d9n4b7g2,97,2022-12-14 21:23:00.668758,meditation found
597,mysticalzen,/guided-meditations/m4a6d3q5d4k0t9k0u5a2s0k6p3r2y4a6r4r1r7m5,97,2022-12-14 21:23:00.668758,meditation found
598,mysticalzen,/guided-meditations/s8j7b3u9z5f9m6p9j5h3n1a9f5e2n8z0n4v0s3q9,97,2022-12-14 21:23:00.684477,meditation found
599,mysticalzen,/guided-meditations/l5e1e4s4n6r5t6u7z7f2b5t5r6j9s0z1u7h9v4q0,97,2022-12-14 21:23:00.684477,meditation found
600,mysticalzen,/guided-meditations/f1m4l2h8s8x0w2t8z4b4z7h0q1b8c0g1h2p1r5t3,97,2022-12-14 21:23:00.684477,meditation found
601,mysticalzen,/guided-meditations/v6c4y7a9b0x5v8y5r3g0h7q5l2p8x6p1p0v7t3k1,97,2022-12-14 21:23:00.684477,meditation found
602,mysticalzen,/guided-meditations/s7g1m6h5q8p7t6k3y0t4k6m7w5u7c7d9j9m4j3h1,97,2022-12-14 21:23:00.684477,meditation found
603,mysticalzen,/guided-meditations/f0y3q0h1f3t2a3m4x5f3g2d3x1n9h7d4u7j6e9t1,97,2022-12-14 21:23:00.700107,meditation found
604,mysticalzen,/guided-meditations/u3s3a8b9h9b9y1l8g9j7b8e7x9t7e0x5h3x6d0s4,97,2022-12-14 21:23:00.700107,meditation found
605,mysticalzen,/guided-meditations/z4m2r7l9e6x7z7y5u2f5u9j8q4u1u4x5n3n5e5j2,97,2022-12-14 21:23:00.700107,meditation found
606,mysticalzen,/guided-meditations/a9c5e0e5q8j6t1z5d4j3n9p8r3x8f1r1s3c0h8h8,97,2022-12-14 21:23:00.700107,meditation found
607,mysticalzen,/guided-meditations/r2n0r3q0g4p0r4d4u2s5r3s8m7m6a0y1l2a9u3u9,97,2022-12-14 21:23:00.700107,meditation found
608,mysticalzen,/guided-meditations/h0w2z3c3h6v8h3d9j8g4y2a6q9q3u9d9f5k2k7j0,97,2022-12-14 21:23:00.700107,meditation found
609,mysticalzen,/guided-meditations/t1j2m0b1g8z7v6j9a6q4p5a2c0b5u3t3w1m7t0h7,97,2022-12-14 21:23:00.715722,meditation found
610,mysticalzen,/guided-meditations/n6w5v5w5q0n5h0f0a7q2c2x4c1g8w8z3d7j0a5k3,97,2022-12-14 21:23:00.715722,meditation found
611,mysticalzen,/guided-meditations/j7r1r1z0j0q8m2e3f3a8v8a3a4d2v5m8q6s0v2s1,97,2022-12-14 21:23:00.715722,meditation found
612,mysticalzen,/guided-meditations/s4f5q8d5h5e3j5g5j5z6p1s1x3m7v3r0g1f1k1x7,97,2022-12-14 21:23:00.715722,meditation found
613,mysticalzen,/guided-meditations/t1w5r2d6e2w4f2d8m9r1u5d7f5c3g9j8y2b9a9r5,97,2022-12-14 21:23:00.715722,meditation found
614,mysticalzen,/guided-meditations/u6g5h9g2x7b1r0t5u1q2h0y5r3u3x3d4h5z0s5z7,97,2022-12-14 21:23:00.731340,meditation found
615,mysticalzen,/guided-meditations/v9z5l2s7t5h3a6z9k1n5x6f0g6y3m8a5g0s1c7j0,97,2022-12-14 21:23:00.731340,meditation found
616,mysticalzen,/guided-meditations/s4q4z6y3w1f5e2y3w8c7a9e3r6y2f7y4k1b8h6a3,97,2022-12-14 21:23:00.731340,meditation found
617,mysticalzen,/guided-meditations/u8n2w2g6a6s2n9u0k1s8y1g4h4k0t4d6y5v2r7x1,97,2022-12-14 21:23:00.731340,meditation found
618,mysticalzen,/guided-meditations/b2k4r7p2p3h4u4x5t6n8n4z5z1t8s1g3j9h6v4e5,97,2022-12-14 21:23:00.731340,meditation found
619,mysticalzen,/guided-meditations/m6l8e2z2a3a3t4j0d5y9e3f9c3t1a8m6r1e8a1r8,97,2022-12-14 21:23:00.746970,meditation found
620,mysticalzen,/guided-meditations/g9n0w3v7j2h7y9v0g3c1c5q4k3r2b8z7m5v6p2f5,97,2022-12-14 21:23:00.746970,meditation found
621,mysticalzen,/guided-meditations/b3c4w9g8l1e6w5j3a2x1s2c4y2s1b5h1q3m4y2r8,97,2022-12-14 21:23:00.746970,meditation found
622,mysticalzen,/guided-meditations/x1u2m2v5z8s5d5w5d9c6t1x6f0x7h0r1n1x8l3k1,97,2022-12-14 21:23:00.746970,meditation found
623,mysticalzen,/guided-meditations/y1p4h3s5f2v2v7k7q2h9t7c5k0j0b3r2t9a2m1r3,97,2022-12-14 21:23:00.746970,meditation found
624,mysticalzen,/guided-meditations/g9p8d3k4g8v2e2c5z8r3u5b5t3s5f2m9k8z7f0x4,97,2022-12-14 21:23:00.763826,meditation found
625,mysticalzen,/guided-meditations/g5g6p1x0k0r8b4l2b6m0j0j9f2l5e1m6c3q9p2t3,97,2022-12-14 21:23:00.763826,meditation found
626,mysticalzen,/guided-meditations/h1q3t5w0m2g0b0s7q3z9b0x6h1u6j3v5s7d8s1u9,97,2022-12-14 21:23:00.770966,meditation found
627,mysticalzen,/guided-meditations/d3x2n6v5a6p7m6g3v4b4l8w4n8q7c9l2q5r1h3u2,97,2022-12-14 21:23:00.772946,meditation found
628,mysticalzen,/guided-meditations/r6j8v9e7r1p6t2r0f3y7t9g3m0y9q1x9u1x6m9m5,97,2022-12-14 21:23:00.775966,meditation found
629,mysticalzen,/guided-meditations/u0t8h4g7e2r4w9z4a9c1w6y1v5s5e0m5u3y0n4q7,97,2022-12-14 21:23:00.778945,meditation found
630,mysticalzen,/guided-meditations/e8q5u0s9d1r5q9h7p6k8b5g1p7s6s3z4m3r4g7b1,97,2022-12-14 21:23:00.780964,meditation found
631,mysticalzen,/guided-meditations/z7k7u7s3m1b7y8z2b6t9v8a7m2w6d9g8p6x3c4p6,97,2022-12-14 21:23:00.783965,meditation found
632,mysticalzen,/guided-meditations/x0c6w0y3p1q2b3e5c6s3b4w9l3j0j4f5p8x2w5b4,97,2022-12-14 21:23:00.786974,meditation found
633,mysticalzen,/guided-meditations/c3r0p2w1x5u4x6n3j0r9b2n5u1c0h2w1l4e4d9f5,97,2022-12-14 21:23:00.789946,meditation found
634,mysticalzen,/guided-meditations/x0k2d8b9p2y1k5g2g2q8n4g4j8v7j5n3g8c9u4q4,97,2022-12-14 21:23:00.791968,meditation found
635,mysticalzen,/guided-meditations/g5h7t9t7g4z7u5n9d7m0j2h5s2p7k2h0k0y3w2q8,97,2022-12-14 21:23:00.794944,meditation found
636,mysticalzen,/guided-meditations/g3u0p5n6m9j8b1g4h5q4k5f5q2q0f9e9p5q4c2h6,97,2022-12-14 21:23:00.797965,meditation found
637,mysticalzen,/guided-meditations/d6k4j5a9v2d8p6y2r2l7z3u6t2v6b5m3s2x0z9e0,97,2022-12-14 21:23:00.800965,meditation found
638,mysticalzen,/guided-meditations/f0z1m9a5l6t6w2s8a8p2f3c5e9u2b5g9z0q7t4r6,97,2022-12-14 21:23:00.803972,meditation found
639,mysticalzen,/guided-meditations/y7e1x7g4b7m3r8d7y6g5c7p7c0l9b9c4v7k8b8d6,97,2022-12-14 21:23:00.806964,meditation found
640,mysticalzen,/guided-meditations/u2m3w7t5p7w1t3v2f9w2t5g8k5f0r6d1h4f7s6e5,97,2022-12-14 21:23:00.809976,meditation found
641,mysticalzen,/guided-meditations/k8t8d5x8b7c4a2f8n6d2k4y0g5q7b2e1z3f7r9h0,97,2022-12-14 21:23:00.812966,meditation found
642,mysticalzen,/guided-meditations/e6g0d5v4n6z7z7j7s7u4k0k6w6e2r3j5x5s6h7t4,97,2022-12-14 21:23:00.815947,meditation found
643,mysticalzen,/guided-meditations/b7b4h6y4m8f2u5j9a7u2n0h8x8d2e0x5h5h6j9g5,97,2022-12-14 21:23:00.818970,meditation found
644,mysticalzen,/guided-meditations/g0y7f9g9b0d4y1u0q7f1f1v9e4l4p4q1k2v7m2s9,97,2022-12-14 21:23:00.821966,meditation found
645,mysticalzen,/guided-meditations/v1m1w7h2s8r1a5j8u6l7m8n4w5u7x6r1f1t1q3d8,97,2022-12-14 21:23:00.824952,meditation found
646,mysticalzen,/guided-meditations/s3t5v9y1p0w5d0x5d2j9x3s6p5q5h4f8q0u9u2m2,97,2022-12-14 21:23:00.827955,meditation found
647,mysticalzen,/guided-meditations/a2x5r3m0x4n3e3k8j6s0d1g5y5a7w4x0j5g9y3b7,97,2022-12-14 21:23:00.830966,meditation found
648,mysticalzen,/guided-meditations/g3b6w3e6g6n6a4r1a4k5z9w9f1c3n6s1v2s2v5q6,97,2022-12-14 21:23:00.833965,meditation found
649,mysticalzen,/guided-meditations/m7j3x5j3y5h0d1v0l5w8p2c9j9r4a1f1a2r9f9u0,97,2022-12-14 21:23:00.836963,meditation found
650,mysticalzen,/guided-meditations/b8q3s7d8g1m3j5w3d8h4e2j2h3e7c2g7b1u9a9s3,97,2022-12-14 21:23:00.840953,meditation found
651,mysticalzen,/guided-meditations/u2p0b4c6u9h3p9x7m1y8s5c0k6n4u4l0s0v8c4s0,97,2022-12-14 21:23:00.843965,meditation found
652,mysticalzen,/guided-meditations/a7y6w0z0r4e1v1p8q8w9w2r6a0b3t3k7m4l6k5x1,97,2022-12-14 21:23:00.846967,meditation found
653,mysticalzen,/guided-meditations/g0p3e2x8x5x6w7b2s6y2y6l8u0e1k7h5l6f5h7q9,97,2022-12-14 21:23:00.849963,meditation found
654,mysticalzen,/guided-meditations/q8u0v3v1r5a3a1c0b3u3f0f0j1q1b7k1u3f8t1p9,97,2022-12-14 21:23:00.852748,meditation found
655,mysticalzen,/guided-meditations/z9e5u5f3w4x6g8c6f4m1m1v3r6h0k4w7y6x3u0h2,97,2022-12-14 21:23:00.852748,meditation found
656,mysticalzen,/guided-meditations/f9m2d5e7r8q1x3z4f7w9p8p3t8k4f8y8q8z0h7y2,97,2022-12-14 21:23:00.852748,meditation found
657,mysticalzen,/guided-meditations/p7h9m2p0n0f0e4x0u8s1p8z0v4k8q9b2q8b2j3w5,97,2022-12-14 21:23:00.852748,meditation found
658,mysticalzen,/guided-meditations/j0y1v7u4t0d8j1z7r4t6m4k0m4s7z5x8m9v1m8a0,97,2022-12-14 21:23:00.852748,meditation found
659,mysticalzen,/guided-meditations/q5a9q7m3p5w6n2b3f4m8u5b6q9m4u6e9w0z3y2u9,97,2022-12-14 21:23:00.867863,meditation found
660,mysticalzen,/guided-meditations/a2s3z0v6r4l9r5j7c5h1l6m5e5s8w5m1t2s5c5f8,97,2022-12-14 21:23:00.867863,meditation found
661,mysticalzen,/guided-meditations/c8q9b0g0z8y0m3t8z9r6j6v1v3g3c8q2n2h9p9w6,97,2022-12-14 21:23:00.867863,meditation found
662,mysticalzen,/guided-meditations/p0a5n2j9t6g5m5a6q8t8c9g2v7w6v2g5z0v2c0n4,97,2022-12-14 21:23:00.867863,meditation found
663,mysticalzen,/guided-meditations/e0f0p6n1m3w6b3b5j7v7s4r2p1j8y5d1f8w8r0f0,97,2022-12-14 21:23:00.867863,meditation found
664,mysticalzen,/guided-meditations/s9y8q7w2t9n1f1g2a6u1b3q9u5v0s3t5a1z1k4b0,97,2022-12-14 21:23:00.883610,meditation found
665,mysticalzen,/guided-meditations/h1w1n2s2c7m0p2c1n1h1u9g9f3q3m4k5l5c7c1t5,97,2022-12-14 21:23:00.883610,meditation found
666,mysticalzen,/guided-meditations/q5p3h9g6z8m2z9n7j9u8n4d0f8g5q5y0b0z4r2l5,97,2022-12-14 21:23:00.883610,meditation found
667,mysticalzen,/guided-meditations/r1j3k0b6y1k2a7c6r9w3w6v7d6h5y7z1y8c5g1z6,97,2022-12-14 21:23:00.883610,meditation found
668,mysticalzen,/guided-meditations/f7r8j3n5y5u4d1c5s9t7b3t1r3a2y8e3j4r4c2h0,97,2022-12-14 21:23:00.883610,meditation found
669,mysticalzen,/guided-meditations/u1s6w1b1e2c3k6m5e7l1u7h8w2q0e1v8k7p9r8z6,97,2022-12-14 21:23:00.899136,meditation found
670,mysticalzen,/guided-meditations/l0r5x2c2u5n6d7v6r1k9b9t2v1s8v7g9t3b7d4y0,97,2022-12-14 21:23:00.899136,meditation found
671,mysticalzen,/guided-meditations/u4s7j0c4v2l3q0g9z9p4s3d9y5x8l5w8v3g4v9x0,97,2022-12-14 21:23:00.899136,meditation found
672,mysticalzen,/guided-meditations/j5w4s0f6h5c5l8n7e9a3m7d4u9v1y1y4d5a3c4t3,97,2022-12-14 21:23:00.899136,meditation found
673,mysticalzen,/guided-meditations/m2w7l4r5x4k1p7k6j1m1x0h9a1b9l3s9h1p4v2y3,97,2022-12-14 21:23:00.899136,meditation found
674,mysticalzen,/guided-meditations/a8m9b9h3c0z5b9f5z7z4d4s7n8l4r9k2s1t0n0v8,97,2022-12-14 21:23:00.914763,meditation found
675,mysticalzen,/guided-meditations/q0h9b1y7a7t9q8c1c8u6m9x9x2z2q4t1r5x8j8y2,97,2022-12-14 21:23:00.914763,meditation found
676,mysticalzen,/guided-meditations/n6m8q8s0v1a7t2c3h4j2n5f1j7m7q6l4x6g5e7u8,97,2022-12-14 21:23:00.914763,meditation found
677,mysticalzen,/guided-meditations/c5a9q3z2d0n1z3d2l8h2m1f5d6p2k5x8c9h9y7l6,97,2022-12-14 21:23:00.914763,meditation found
678,mysticalzen,/guided-meditations/g9j8d2b8p3u0x5r4y4e6x1b7g5a8m0r6r2j8q2b3,97,2022-12-14 21:23:00.914763,meditation found
679,mysticalzen,/guided-meditations/e0q0k3n5n9y0m3n5s4f1b9p5x0e3v7w0c5x5y6b2,97,2022-12-14 21:23:00.930485,meditation found
680,mysticalzen,/guided-meditations/h0q7q5n8n0t0p3j5m6c6t1j0n4e7f2c8l0q6w2m0,97,2022-12-14 21:23:00.930485,meditation found
681,mysticalzen,/guided-meditations/z5l8x4e0w8j9f9w1n1e3n6z5q2k6z9u4t4v6b2z0,97,2022-12-14 21:23:00.930485,meditation found
682,mysticalzen,/guided-meditations/k3k8t2x9e2n4x7z2a8c7p8m4n7p5d9c8w4l7k9t4,97,2022-12-14 21:23:00.930485,meditation found
683,mysticalzen,/guided-meditations/m8h8d9n2p1g0c9y7v5n5c6n0r4d0s7b4w5n6a1e0,97,2022-12-14 21:23:00.930485,meditation found
684,mysticalzen,/guided-meditations/n4h6c3b9t7x6m7j0x2x6p1f9t1t1s4t9j1z4m2l7,97,2022-12-14 21:23:00.930485,meditation found
685,mysticalzen,/guided-meditations/y2f2e9c0x6x0g8g2f0v5x9a4r0v7x3k3v3e6p2b9,97,2022-12-14 21:23:00.946111,meditation found
686,mysticalzen,/guided-meditations/f1v5f4p6a2p3f5p0u2p8m6y9e3a9h6p3b3b0g3b5,97,2022-12-14 21:23:00.946111,meditation found
687,mysticalzen,/guided-meditations/r8z3s4y8v4x0b3x5f9w4q6f2z3c7a1j1j9x7y6q2,97,2022-12-14 21:23:00.946111,meditation found
688,mysticalzen,/guided-meditations/c2n6b3q3n3n9z9c4c9k6c2u7y9h3h1m1y3r8q2y0,97,2022-12-14 21:23:00.946111,meditation found
689,mysticalzen,/guided-meditations/u8e5m4g6r9p5k0e8w3y1f7q5w7b3w5b3l2s5u8c7,97,2022-12-14 21:23:00.946111,meditation found
690,mysticalzen,/guided-meditations/m9l5k0q1q1b6n7z3r7n1j4b2s4s5m0s4v4z9c3x6,97,2022-12-14 21:23:00.946111,meditation found
691,mysticalzen,/guided-meditations/n9j9b1s2n4n0r7d1k2f8x0x3b3m4q8d3d4f3w1l5,97,2022-12-14 21:23:00.946111,meditation found
692,mysticalzen,/guided-meditations/b0p4e2t9x1v0f1z5y5k2w8g6a5j5n0x0w9e1v5s3,97,2022-12-14 21:23:00.961739,meditation found
693,mysticalzen,/guided-meditations/x6b5k4j6k3t7s8n6p2t2c4y4a2m0a6d5n9u0q1k6,97,2022-12-14 21:23:00.961739,meditation found
694,mysticalzen,/guided-meditations/b1l4j7z7m0b3j8y1g0p4h6g2b4y1b6b9e5c0k3p2,97,2022-12-14 21:23:00.961739,meditation found
695,mysticalzen,/guided-meditations/v9q3z5m0b4x0g2n3n3k4u4s0a1l7d2s9c2q6b3e1,97,2022-12-14 21:23:00.961739,meditation found
696,mysticalzen,/guided-meditations/f2v7m2j3b9f4j8n9f1f2m3n8v8v0k5f6n6k5c6s2,97,2022-12-14 21:23:00.961739,meditation found
697,mysticalzen,/guided-meditations/m2h2l4n4l7a8n4c0q6t1r1s0t1h3v0z6p4c8d1s6,97,2022-12-14 21:23:00.961739,meditation found
698,mysticalzen,/guided-meditations/s6g9j0j9w1e2c6d2g1r7f7e2q6g2e1p3h4w8a8u4,97,2022-12-14 21:23:00.977360,meditation found
699,mysticalzen,/guided-meditations/x8y3m0x6b9v2u7y4z8c7z9h6x2u0r9v5k0l2q5q2,97,2022-12-14 21:23:00.977360,meditation found
700,mysticalzen,/guided-meditations/b4t8v5s5x7k0a7g9b5e2a9e8n1z7a2d2w4t9r5z4,97,2022-12-14 21:23:00.977360,meditation found
701,mysticalzen,/guided-meditations/w1w3c6p1r2s7g5t7k0n1d9w3b8w3w7y7e1s5b8a8,97,2022-12-14 21:23:00.977360,meditation found
702,mysticalzen,/guided-meditations/m8v9a8f3u3k5n2u0n1j2s4t7h8v4x8z5z6g2m1g9,97,2022-12-14 21:23:00.977360,meditation found
703,mysticalzen,/guided-meditations/c8q7g7z2j1f4c7c4q9f5l6j9k2e1t6g2v8s5r8t5,97,2022-12-14 21:23:00.977360,meditation found
704,mysticalzen,/guided-meditations/j4m8x1j1q7w2c7x3a4j0m1m3p4h6m9k2u8s8a4w7,97,2022-12-14 21:23:00.992998,meditation found
705,mysticalzen,/guided-meditations/a6w7f0r8a9h3w7x1u6y6e1k4h8y4s2h3n2n6z7x9,97,2022-12-14 21:23:00.992998,meditation found
706,mysticalzen,/guided-meditations/n3y2j9a1e3f6x3s9p2h0j7u0g1w6p0j2e6c2d6c9,97,2022-12-14 21:23:00.992998,meditation found
707,mysticalzen,/guided-meditations/s8e4v8b3g5g1r5r8s1v6d5x3a6w8g5s5u9n0e2p9,97,2022-12-14 21:23:00.992998,meditation found
708,mysticalzen,/guided-meditations/b1t2b0t7v5h1j1u6p2q5z1p7z2m1s6h6m9x1u9r1,97,2022-12-14 21:23:00.992998,meditation found
709,mysticalzen,/guided-meditations/m5u3l4b5g3p2l8m6n5d5t2j3k3r0u4z3j2c1r9y4,97,2022-12-14 21:23:00.992998,meditation found
710,mysticalzen,/guided-meditations/d2h5t3b0r9e4h6a6z5g8d5p4k4v0u8a3y6h1g2m9,97,2022-12-14 21:23:00.992998,meditation found
711,mysticalzen,/guided-meditations/w1x9r7y1e3w9x6x6p8s4c9s5p4y6s0h2d3a0c8v0,97,2022-12-14 21:23:01.008609,meditation found
712,mysticalzen,/guided-meditations/n5y3r7w1b0j2e1b6r4b7k1h4d1l3s0k7y4w4a4f8,97,2022-12-14 21:23:01.008609,meditation found
713,mysticalzen,/guided-meditations/h2w5p6y8m0m1d1y6z2r6w0g3g3y8b2v7l0s3x0n2,97,2022-12-14 21:23:01.008609,meditation found
714,mysticalzen,/guided-meditations/t3t6a3g9z5m3n6m2d1n4k9v4z1r5h7a4p3w7v2u0,97,2022-12-14 21:23:01.017178,meditation found
715,mysticalzen,/guided-meditations/g2m7s3k9p7e0f3k8y7s2r1z3n8f0r7b0k5z1r1k9,97,2022-12-14 21:23:01.019326,meditation found
716,mysticalzen,/guided-meditations/w1q5v7a2m4c5n1u4q4t6y5b5n4b8a1j9e2w9l3f8,97,2022-12-14 21:23:01.019326,meditation found
717,mysticalzen,/guided-meditations/b1q5y8c1n9y1k1t5v1g1n6t0s7g4e3f2d8y1n3w6,97,2022-12-14 21:23:01.019326,meditation found
718,mysticalzen,/guided-meditations/z9w0e5u9j2d1t8e4s5c9k5m6d5z8z9f8x2y5s8z7,97,2022-12-14 21:23:01.028270,meditation found
719,mysticalzen,/guided-meditations/d6e3r5c9e6r9p1s9a1r7k2n5s7e0c0g6j5b1w3d5,97,2022-12-14 21:23:01.031397,meditation found
720,mysticalzen,/guided-meditations/y6h4t8v0q2m4z7g2n8s7g2r9v6q3x8m6q9w5l2l0,97,2022-12-14 21:23:01.034388,meditation found
721,mysticalzen,/guided-meditations/e1k2e5v1c5k6n1g8p3w8e0a1m2z9l1w4f3k3a6b7,97,2022-12-14 21:23:01.037392,meditation found
722,mysticalzen,/guided-meditations/y5j5a5l8n8w4w1r7c1s8r7b0d6q1k4n5t9z0h3d5,97,2022-12-14 21:23:01.040391,meditation found
723,mysticalzen,/guided-meditations/c8d1d2y2w9n8b5r7z5f4h3m0a9j9r7e4j5y5n4x7,97,2022-12-14 21:23:01.043638,meditation found
724,mysticalzen,/guided-meditations/x5j9e5x5x0g7e7b7c9u2k2s0c1g1u0t4t2j3h2e2,97,2022-12-14 21:23:01.043638,meditation found
725,mysticalzen,/guided-meditations/c4y1z2v0e2t9s0j3l3f8a7z1l9b4a5g4w4z8l0b5,97,2022-12-14 21:23:01.043638,meditation found
726,mysticalzen,/guided-meditations/k2f7c9n4m9n0g6t2c1t7u0w8k9g9x7v3h4k2g2e3,97,2022-12-14 21:23:01.043638,meditation found
727,mysticalzen,/guided-meditations/d2b2y9l8a7s9h7h8b7v5k7h6q1s9n0z2a3z6n6n9,97,2022-12-14 21:23:01.043638,meditation found
728,mysticalzen,/guided-meditations/y5e2r4m9a8t1z6b3r1v2m4r3q6h2n1g8z9h6d0k3,97,2022-12-14 21:23:01.043638,meditation found
729,mysticalzen,/guided-meditations/q3m0g2x1p8j5l1q5n7u0j9x3n0f3u9u2s1x9u9a3,97,2022-12-14 21:23:01.061755,meditation found
730,mysticalzen,/guided-meditations/q9u6y7q9p1z8e7c7a5b5d4g9z3j0g9l9s1u5r7e5,97,2022-12-14 21:23:01.064731,meditation found
731,mysticalzen,/guided-meditations/s4u5h4v4j0a4k7g4p8e9g8w2b9t6u7k6c2n2k6q8,97,2022-12-14 21:23:01.067750,meditation found
732,mysticalzen,/guided-meditations/d3w5a6g5n5f8z8x7u2m8g6d1t0m2r5z4z7x0q6v1,97,2022-12-14 21:23:01.070730,meditation found
733,mysticalzen,/guided-meditations/j6m1q5c4j2q0f4p8s5w9h3e5g7r4p5t7k2d2k1f7,97,2022-12-14 21:23:01.073732,meditation found
734,mysticalzen,/guided-meditations/q1e9f6g2n1s5c8s5w2s4v6t3e0s1s0h9u8q5c9z7,97,2022-12-14 21:23:01.076018,meditation found
735,mysticalzen,/guided-meditations/x9e6u3u1a6t2y0p1v2y1w1b2x0m3a4q9v2m9p6p0,97,2022-12-14 21:23:01.079017,meditation found
736,mysticalzen,/guided-meditations/u3w1j0r9c1r2w6h5y4k0u0d5h3m6m6x6z7l2j4y0,97,2022-12-14 21:23:01.082018,meditation found
737,mysticalzen,/guided-meditations/x4x8y1u8y2v5z2v2x9y3n7j7h9j2y0f8v6s8m0p5,97,2022-12-14 21:23:01.085055,meditation found
738,mysticalzen,/guided-meditations/p9z8m2x5c5j3v0v0w9r2c2f2c5e7w6r9s1z9q5g8,97,2022-12-14 21:23:01.088053,meditation found
739,mysticalzen,/guided-meditations/f5w9n0z2t1s4h7z0x4b3e2c6z9b3d9v9b7p0p0s6,97,2022-12-14 21:23:01.091048,meditation found
740,mysticalzen,/guided-meditations/z0p9n0z5z4z3f6f9t3r6v8w2w2a6g4z1h4w6u8t2,97,2022-12-14 21:23:01.093327,meditation found
741,mysticalzen,/guided-meditations/s8f0q2m5u0l2l4n0h5q9j1f0e5b8x9t6v1k0r6p4,97,2022-12-14 21:23:01.096396,meditation found
742,mysticalzen,/guided-meditations/h1x8b4r1u5x2h2z2a9h0z1a6k5h4j7t1q5e9m0m8,97,2022-12-14 21:23:01.099485,meditation found
743,mysticalzen,/guided-meditations/e8p7c0s3m1u1v8p4x5q4s5j8t9f9j9z3t3b6s3s6,97,2022-12-14 21:23:01.102486,meditation found
744,mysticalzen,/guided-meditations/b5p3r4m6r3d7v0k0p7x8b9z6r4b4x0k8r8b1z0n8,97,2022-12-14 21:23:01.104495,meditation found
745,mysticalzen,/guided-meditations/p6s0k9k3z4r9p6v2z3k2n2f7q0k4t2x1e8u6m4d3,97,2022-12-14 21:23:01.107486,meditation found
746,mysticalzen,/guided-meditations/n3p4z5b2x2y4m7m3l8p4z9b4z0n1r4x9x4a0u7a1,97,2022-12-14 21:23:01.109404,meditation found
747,mysticalzen,/guided-meditations/l9t3b5b9p6n8n6q5x7y3r7v3m6h2r2x6v2e4d1w7,97,2022-12-14 21:23:01.112491,meditation found
748,mysticalzen,/guided-meditations/g9m4m1v6a6k3y5a2j9e3n7q7t6h5z3x0y0y3m7r4,97,2022-12-14 21:23:01.115490,meditation found
749,mysticalzen,/guided-meditations/m4r5p6j8u1l6s5c0z1d8k0h3q7j0z9e8a8r9r3b8,97,2022-12-14 21:23:01.117506,meditation found
750,mysticalzen,/guided-meditations/b2w7v5q4f5b6p8z1t4n1k0c0l6w1j7s2x9m0x1c2,97,2022-12-14 21:23:01.120386,meditation found
751,mysticalzen,/guided-meditations/b6n9q5y2v5w2v4v8u4n3x5k8z9c1g8w0r1y8k6j0,97,2022-12-14 21:23:01.123487,meditation found
752,mysticalzen,/guided-meditations/z3e7k4y2h8s3k9z3s9g9m7n4e6z3v2z3z5g5l0l7,97,2022-12-14 21:23:01.126042,meditation found
753,mysticalzen,/guided-meditations/t3y0w2d1t0w5h9z3b8d9k1a2t4v8e6h4c9h7h4s5,97,2022-12-14 21:23:01.128160,meditation found
754,mysticalzen,/guided-meditations/m8t1l9p7e4t9h6d2n9f6w9r6q4a8z2g3z5x7x5s6,97,2022-12-14 21:23:01.131058,meditation found
755,mysticalzen,/guided-meditations/a1r2a7a6a5y6w0s9k0m3j9u8c4f6a0j1h2j2t0h7,97,2022-12-14 21:23:01.133166,meditation found
756,mysticalzen,/guided-meditations/e7r1z9u1c2f4e6a4d0d6m5r0x8w5n6j9v2s0c6f8,97,2022-12-14 21:23:01.136164,meditation found
757,mysticalzen,/guided-meditations/y2y5c7j6q3c1p5b5l2p2f2n8n7t7u8w4n8h9y4y4,97,2022-12-14 21:23:01.139056,meditation found
758,mysticalzen,/guided-meditations/p1a0g0c3f6j4x3p8k0t7d8v9z7f2u6a0y7s7m0m1,97,2022-12-14 21:23:01.141167,meditation found
759,mysticalzen,/guided-meditations/y2c8h7d6d6p1q2w9v6z8f0m3e3f4g3e8y1h4f8z8,97,2022-12-14 21:23:01.143860,meditation found
760,mysticalzen,/guided-meditations/p2h0j5q9t6k2j2m7v5c8g5t3b1h0c0t9g5h4k9x6,97,2022-12-14 21:23:01.145855,meditation found
761,mysticalzen,/guided-meditations/l4l6r1w1h0a3g0n6r2b7a8y3a9a8p4g5d0z3m5w7,97,2022-12-14 21:23:01.148849,meditation found
762,mysticalzen,/guided-meditations/x8f3s7u3r3n6u6k3r0t5e4d1p1f8x9v5n4f9s0c3,97,2022-12-14 21:23:01.151859,meditation found
763,mysticalzen,/guided-meditations/n5f1r3g3v2w8k0c5w4h8r3s6f6j3b3t8a7x8l3p9,97,2022-12-14 21:23:01.153853,meditation found
764,mysticalzen,/guided-meditations/e4r4x1v2h9s2p8v9b9f8y4l4m1w6w5k3n7n2z2g1,97,2022-12-14 21:23:01.156851,meditation found
765,mysticalzen,/guided-meditations/n4z3k6k8s0v9q1s4g4w6b1h6d5p4f2m1m2q6s9r2,97,2022-12-14 21:23:01.159640,meditation found
766,mysticalzen,/guided-meditations/a3c3r3a3z9n8n5c4c9v4n9e3w0n7d9n1c5t0k8q9,97,2022-12-14 21:23:01.161754,meditation found
767,mysticalzen,/guided-meditations/x7a2a3e7a8e9t0q0l8r6a3s0v3m1x3x3n8f4p3u2,97,2022-12-14 21:23:01.164753,meditation found
768,mysticalzen,/guided-meditations/q8w9a7y5s2a8c1w9t6e1z0e4f5s3z3s5a5p9k8z4,97,2022-12-14 21:23:01.166753,meditation found
769,mysticalzen,/guided-meditations/v9k5n1k0b6l3c9r9c8h7y5p4r9a8t4n3k2s5d1w8,97,2022-12-14 21:23:01.169758,meditation found
770,mysticalzen,/guided-meditations/j7f0x8x5w1j5z9s4t7p4f2a7r4p5j3e6u3n8b3m2,97,2022-12-14 21:23:01.171755,meditation found
771,mysticalzen,/guided-meditations/c5q9f3f9c8w2g2d9h9m2b2e9k2k1e1r8e0q2p8e1,97,2022-12-14 21:23:01.174754,meditation found
772,mysticalzen,/guided-meditations/e8u0k1z8m8f8l6t9y8k6q7x0a4m1n4k9l5a3a1d0,97,2022-12-14 21:23:01.175976,meditation found
773,mysticalzen,/guided-meditations/m0m9y9b9t6k2p5l4g4s8x6q3v4f9e9w4x7t6u4u9,97,2022-12-14 21:23:01.175976,meditation found
774,mysticalzen,/guided-meditations/c6n8j6e0t0l6j7k5b7d9r3w9m3p7l0v7n1z0l1w3,97,2022-12-14 21:23:01.175976,meditation found
775,mysticalzen,/guided-meditations/e2n7m2x5m5a9a2x1e0z4a1v7y7u3m3z9d4x0c7g1,97,2022-12-14 21:23:01.175976,meditation found
776,mysticalzen,/guided-meditations/y9t3z8k1x3a1d0d1u1q9b2w4u3e0v4a0f5u6d5p5,97,2022-12-14 21:23:01.175976,meditation found
777,mysticalzen,/guided-meditations/c1l4m2m8s1d1b0f9x9a8z4z5v8x8e6w8k4e3f5t8,97,2022-12-14 21:23:01.175976,meditation found
778,mysticalzen,/guided-meditations/j2e2s2k5h8a4b4l4z6y1g5t4d0f9t4t6x6e4f3u4,97,2022-12-14 21:23:01.191711,meditation found
779,mysticalzen,/guided-meditations/b9m8y8h2g8s1g5e0g5q3m0z4q8z6f3q7a3j4g3t6,97,2022-12-14 21:23:01.191711,meditation found
780,mysticalzen,/guided-meditations/s9t5p1g9u6g9b9s3q8s5v3y5v7u0z0z1v0k6g4f0,97,2022-12-14 21:23:01.191711,meditation found
781,mysticalzen,/guided-meditations/r0q1s0q7p6q2x7q2g2d6j4g3s4e4y4w5l7p2x6h8,97,2022-12-14 21:23:01.191711,meditation found
782,mysticalzen,/guided-meditations/e4c6e0s0v2v7h6l8f1p4s0e1f2n7v9y5x7p2j4r9,97,2022-12-14 21:23:01.191711,meditation found
783,mysticalzen,/guided-meditations/w4p1w3u6k8m1c6m5m8k9n5k9p1h8p1p0v0x0v6x3,97,2022-12-14 21:23:01.191711,meditation found
784,mysticalzen,/guided-meditations/p6m1r6n1k3q4r7l3x9n6s4h1b8s5y2h2p3q6x3p9,97,2022-12-14 21:23:01.207336,meditation found
785,mysticalzen,/guided-meditations/u3g4f8r6p8h2f7z5j8m1m1v6h5m9h6q2f1p0k0r5,97,2022-12-14 21:23:01.207336,meditation found
786,mysticalzen,/guided-meditations/x2m4y7e4z0j3b8z1u4t0z8t9z5k1y8s4y5y0g9s0,97,2022-12-14 21:23:01.207336,meditation found
787,michellewhite,/guided-meditations/m9y3w1f4f5t1n7u0z4d3v6k0p9h3v7w6g7v8t3h1,97,2022-12-14 21:23:23.574936,meditation found
788,michellewhite,/guided-meditations/j8e1f6s3k8h4p0g0n1p0l6v0j1n8a7w7z6a1m1s2,97,2022-12-14 21:23:23.576979,meditation found
789,michellewhite,/guided-meditations/j8v6p6b5p3r3a1b1d2b2l1s7a4j9y4c6p0a7y1e2,97,2022-12-14 21:23:23.578000,meditation found
790,michellewhite,/guided-meditations/m4e4k6z1c3f7b9r9g5h4n7w9n9n7p3s4n0t2w5q2,97,2022-12-14 21:23:23.579198,meditation found
791,michellewhite,/guided-meditations/k2e0w5k7r2s2t5c6b2e0b9e2v3f7g1f0u6y0p1h2,97,2022-12-14 21:23:23.581236,meditation found
792,michellewhite,/guided-meditations/q7f4n5s8q6a1b6m2c5a2d7v9j6r5a3b0z4d3u9y2,97,2022-12-14 21:23:23.581236,meditation found
793,michellewhite,/guided-meditations/x2u7n1z2b9u7v8y7b8v5x5w5b9f1b2r2t9m8m6n1,97,2022-12-14 21:23:23.582694,meditation found
794,michellewhite,/guided-meditations/a0k7m7y8q0u4n4a9h0x9f4e4f4v5m6s7q2v6t5g2,97,2022-12-14 21:23:23.583720,meditation found
795,michellewhite,/guided-meditations/y7a1y1z4n0c8u0w3p0b5e7q9q4e9k0s9z9u1n3n0,97,2022-12-14 21:23:23.585941,meditation found
796,michellewhite,/guided-meditations/f2r6n0x2h5h9j9r2s9e3v1s2e8m5r0m7l4f2k0d4,97,2022-12-14 21:23:23.587026,meditation found
797,michellewhite,/guided-meditations/h3s0v8s5e1m7l8v6h1w2t5q3q1a2d1e9f9n7u4y4,97,2022-12-14 21:23:23.588037,meditation found
798,marychristineparks,/guided-meditations/t4q9t3y7q2e9s8y7c8f0t5y1r6p5h9b2k6v5x6f9,97,2022-12-14 21:23:29.318894,meditation found
799,marychristineparks,/guided-meditations/r2n2e0b4h4a1u2n0y1j3w3y0m7f1x8t3a1h8f7e1,97,2022-12-14 21:23:29.318894,meditation found
800,marychristineparks,/guided-meditations/n8v6q4a8c7r2f7v7z6u5m7n9x7h3l3c6s2g4s6l0,97,2022-12-14 21:23:29.318894,meditation found
801,marychristineparks,/guided-meditations/x7h1j1s8n9g4m1g6t0s2d5l5b9l0t1n8g0c6b9m2,97,2022-12-14 21:23:29.318894,meditation found
802,marychristineparks,/guided-meditations/x2v1w8f8h5v0a4h5c1r5n1h2b5l1v9j7x2h3k4w4,97,2022-12-14 21:23:29.318894,meditation found
803,marychristineparks,/guided-meditations/m4a8n6x2t8s8z9s7s7w1a0x4x6c3d8z1c5z6z5j3,97,2022-12-14 21:23:29.318894,meditation found
804,marychristineparks,/guided-meditations/a8e6k7b2a9z6d3a9k7a0y2t8j1j0t4u0x4g8g7e2,97,2022-12-14 21:23:29.318894,meditation found
805,marychristineparks,/guided-meditations/q0d8m9m5x9d7e0b9j2m8w3w5g1d2n9f1h1w1s9g2,97,2022-12-14 21:23:29.318894,meditation found
806,marychristineparks,/guided-meditations/n8n9e7r3q9w7g1f3w1p3z0w9r6u6v7r2p4r5n1w0,97,2022-12-14 21:23:29.318894,meditation found
807,marychristineparks,/guided-meditations/x0v1u2f8a6u5f6t7s8u0g0d6b7w0k0d8y3s9d1d5,97,2022-12-14 21:23:29.318894,meditation found
808,marychristineparks,/guided-meditations/y2m2r5h4p6p5k2v4u3f8u8t4j7w1c8j2u4a5z8y2,97,2022-12-14 21:23:29.318894,meditation found
809,marychristineparks,/guided-meditations/b7y7g0m2h7w1b8p8r1r2e4b9u7a2r8d7z7p2a9k7,97,2022-12-14 21:23:29.334489,meditation found
810,marychristineparks,/guided-meditations/k6v6z1g8h4g4l3x5g5h6j4b2a7j1x1g8z8m7s1m5,97,2022-12-14 21:23:29.334489,meditation found
811,marychristineparks,/guided-meditations/b8y2x2s3d4c6r7z4h2f0d8l6w9t4c4h2q8k1m4l6,97,2022-12-14 21:23:29.334489,meditation found
812,marychristineparks,/guided-meditations/p3j0q6z0g7t1u2m5e7t1d4y0k4h1g4s0e4x3a9a4,97,2022-12-14 21:23:29.334489,meditation found
813,marychristineparks,/guided-meditations/d3a6d8t3m2x0x0h4r6x0v6p3q5b1l5t2l4g7b1h9,97,2022-12-14 21:23:29.334489,meditation found
814,marychristineparks,/guided-meditations/q6j7m7z5n2g8x4e4x8n2d2y4l8t1m8x4p0u6g1y8,97,2022-12-14 21:23:29.334489,meditation found
815,marychristineparks,/guided-meditations/y7h5c3g9c9g3e7r1l2z7n6j7h2b4j6a2x4l0e7j8,97,2022-12-14 21:23:29.334489,meditation found
816,marychristineparks,/guided-meditations/c6t7j8n7w3z0y2a1s5u0d9j7c7c3s4w2x3v2c9g6,97,2022-12-14 21:23:29.334489,meditation found
817,marychristineparks,/guided-meditations/q2v8y1h3s0s2b3p5p2z2e8n5t9w0c4r6m8t2a7n7,97,2022-12-14 21:23:29.334489,meditation found
818,marychristineparks,/guided-meditations/z9n9a3x0l3n1d7w7r8a9r5n5s6b7z4u8h0d3m7n9,97,2022-12-14 21:23:29.334489,meditation found
819,marychristineparks,/guided-meditations/f2k5t8a5z4v3f5t8q5r8a0r3h4a6m3k7d3z0b1f7,97,2022-12-14 21:23:29.334489,meditation found
820,marychristineparks,/guided-meditations/f2f6d6h9g1j8x2x6y2a0j3y1d5v7c9f4v4p1z1k3,97,2022-12-14 21:23:29.334489,meditation found
821,marychristineparks,/guided-meditations/h1y2j8r0l3v1k7a7x4a5x4r1f8q7f3h3z8p7z2u1,97,2022-12-14 21:23:29.334489,meditation found
822,marychristineparks,/guided-meditations/y5a0u0x0z9t8q9h0h3j3x3e4x7w2b1e8c8j3u5d6,97,2022-12-14 21:23:29.334489,meditation found
823,marychristineparks,/guided-meditations/b7p7v4h4q2h8g2f6n5r0h6w7v0f8d5y3z1v7n2q8,97,2022-12-14 21:23:29.334489,meditation found
824,marychristineparks,/guided-meditations/n3z1c4f2k4t5z0w5z4z7c0w2g3a0r2u1m1x2v4h0,97,2022-12-14 21:23:29.334489,meditation found
825,marychristineparks,/guided-meditations/g5y7g9k5c2m2t4s1d7r2p7q1s4q7p9r8p3d8u9k6,97,2022-12-14 21:23:29.334489,meditation found
826,marychristineparks,/guided-meditations/q0d3k4x3b3j0s5f8r2w3j8v7e4f1a1y4j8v6s1z1,97,2022-12-14 21:23:29.334489,meditation found
827,marychristineparks,/guided-meditations/m1f9u1t6s2t9c2v0s7p5x7d7f7c3w2y0t8c9j2v8,97,2022-12-14 21:23:29.334489,meditation found
828,marychristineparks,/guided-meditations/q1b2v1y2t7v3v5b8e3b5a2t8a7w5t3m2c4m4g5q3,97,2022-12-14 21:23:29.334489,meditation found
829,marychristineparks,/guided-meditations/v5t5q9r9l1s8n1x7h0h8f5z4q8w3q7v1u6t8h0y8,97,2022-12-14 21:23:29.334489,meditation found
830,marychristineparks,/guided-meditations/r2n4f0j9n6p0v6w3y8k9g5f4t6k1q6z4e4f1b0v6,97,2022-12-14 21:23:29.334489,meditation found
831,marychristineparks,/guided-meditations/t8p0c1m7d4a4t9h8y9a7d6e7p7t5l5w0v2b4s6h4,97,2022-12-14 21:23:29.350151,meditation found
832,marychristineparks,/guided-meditations/d7t0w3p5p9f2n8q8n0w3s3t0z3k9b8p6v3h0n1v3,97,2022-12-14 21:23:29.350151,meditation found
833,marychristineparks,/guided-meditations/z2y7u1q5a2t4u7t4h6f0b3c0u8u5s0q1d1c4h8u6,97,2022-12-14 21:23:29.350151,meditation found
834,marychristineparks,/guided-meditations/p5q7z6q2b8k2m7s6y1j7f9b6z3q5p0x1x9p3k0z8,97,2022-12-14 21:23:29.350151,meditation found
835,marisa,/guided-meditations/g8u6w1h3f3l6f0u6k4l5r2q7r4a3x9p8z4x6g0q5,97,2022-12-14 21:23:51.741581,meditation found
836,marisa,/guided-meditations/a7r2t8x0b1s2k8u6g9c4t3z3j1f7u6c9q9x9j4b8,97,2022-12-14 21:23:51.742580,meditation found
837,marisa,/guided-meditations/m5s1s9b8u3k5c4z2k9l8n3j1y4w0v3g7j5q6a9h6,97,2022-12-14 21:23:51.743606,meditation found
838,marisa,/guided-meditations/w8k2h8x5z8a0h3b5b4f5e2r7c6s1h6e0c7p4e8u3,97,2022-12-14 21:23:51.744595,meditation found
839,marisa,/guided-meditations/w7g8d8d7w9r4k1w0e9q6a4f6c5q7e1h4z6r3h5n1,97,2022-12-14 21:23:51.745595,meditation found
840,marisa,/guided-meditations/k4v2s1g0g7p7u7h2n4k7y9b1e2w7g4m4z3c1n3j3,97,2022-12-14 21:23:51.745595,meditation found
841,mindfulmooves,/guided-meditations/r1p3y4d2e4z4u8m5p3e2f5z5q7a8x6v8x5c3r2w7,97,2022-12-14 21:24:14.250088,meditation found
842,mindfulmooves,/guided-meditations/j0w9n3z4q9d8m2z9b1z9q3r4v4a8q6c4b8s3l3r8,97,2022-12-14 21:24:14.251088,meditation found
843,mindfulmooves,/guided-meditations/s5j2h7f3r1s2g7s8b2l5z2m6l3p6v4u9k0g4j5d0,97,2022-12-14 21:24:14.253088,meditation found
844,mindfulmooves,/guided-meditations/d4e3k1r6u7q8w5d7f8k0u0g4m0t6p8v2l4w9m1a2,97,2022-12-14 21:24:14.254087,meditation found
845,mindfulmooves,/guided-meditations/y4g3y4u9l5e5m0t5u2w2p2s9w8x8z8w9j4y4y3j1,97,2022-12-14 21:24:14.256090,meditation found
846,mundopranico,/guided-meditations/b6c6z0g9j7m2r0u2v6l3r1y6l4a9f4x1b8y0s3j0,97,2022-12-14 21:24:31.042755,meditation found
847,mundopranico,/guided-meditations/v9z8c4x3f5q7e6w7v2b4y0p1s4d1s6l6k0x3g4w8,97,2022-12-14 21:24:31.042755,meditation found
848,mundopranico,/guided-meditations/q4t4m8m2v8f9q1y2z5x6u1b7p6b9t0v2w9v9c3k4,97,2022-12-14 21:24:31.058382,meditation found
849,mundopranico,/guided-meditations/c2n6d1v4e3q8q7j3k9e9v5x1x9f0h3a3m9y1a8g0,97,2022-12-14 21:24:31.058382,meditation found
850,mundopranico,/guided-meditations/j6f8v7x1q2w8s1x5y8e3k6c0t1h2r4u1d2d6k6v3,97,2022-12-14 21:24:31.058382,meditation found
851,mundopranico,/guided-meditations/r0w4l0u2k0a0e3c1c2d9k1v1h9g7q8v3s5s8m6w1,97,2022-12-14 21:24:31.058382,meditation found
852,mundopranico,/guided-meditations/f4k7t5x5z2x0r3h9e0n0v1d0h8k5n7a5x4g2n6k4,97,2022-12-14 21:24:31.058382,meditation found
853,mundopranico,/guided-meditations/d1m2f5f3y8p6b8n0m3a4y8x8m7s4h1f7h7p4n6j0,97,2022-12-14 21:24:31.058382,meditation found
854,mundopranico,/guided-meditations/j7x2x6k5n6z6n3d4y4d3a8l6c6z9f7p5r2q2h9s2,97,2022-12-14 21:24:31.058382,meditation found
855,mundopranico,/guided-meditations/b6w6b0b9y3y3a3d0h8g1s0p3t1a9w2r1k0l5f6b1,97,2022-12-14 21:24:31.058382,meditation found
856,mundopranico,/guided-meditations/m1e9r2u9u5k2b1t0c2x4x8l8q2d3w6d8m2h3a0h6,97,2022-12-14 21:24:31.058382,meditation found
857,mundopranico,/guided-meditations/y2t7r8x4u8c3d2f1n1j5e4g5f8z4u2z0h9t3b9r0,97,2022-12-14 21:24:31.074006,meditation found
858,mundopranico,/guided-meditations/e2x1s4g6s8f3q7k9y4s2z1g1x9c2s5y7v3f7x9z0,97,2022-12-14 21:24:31.074006,meditation found
859,mundopranico,/guided-meditations/u4w8q5e1g5t3g4r2w8p8f9x0f5d8a3c1m4x1g8d8,97,2022-12-14 21:24:31.074006,meditation found
860,mundopranico,/guided-meditations/z1m5s9g1r1y2g5h9l7j5c7c9t8z0e6s3x3t9x7m7,97,2022-12-14 21:24:31.074006,meditation found
861,mundopranico,/guided-meditations/j4p7y1d7z7t3y0x8t9t9n3p4u2p3n7k2z1n1l1l6,97,2022-12-14 21:24:31.074006,meditation found
862,mundopranico,/guided-meditations/v6x2j8c6b8h1b2b2j9q0z2j9t2r3b5d7c5k7b8s2,97,2022-12-14 21:24:31.074006,meditation found
863,mundopranico,/guided-meditations/x3j3n2k1m5z6k9u2a4j9r0d9s2m6a4s7u9u8w4x7,97,2022-12-14 21:24:31.089638,meditation found
864,mundopranico,/guided-meditations/a0u1c8e2e9p0y3s9h6u3h1f8l9q1t4r0z1f5t4d9,97,2022-12-14 21:24:31.089638,meditation found
865,mundopranico,/guided-meditations/q1p8h6n6w8f5c2y6w5u0k4g2u0d0z2u5f1b0j6c7,97,2022-12-14 21:24:31.089638,meditation found
866,mundopranico,/guided-meditations/w4j3q3f3e4w6r8s5s3l4s7q5t2y4e8w1e7d3b0p9,97,2022-12-14 21:24:31.089638,meditation found
867,mundopranico,/guided-meditations/a3q9v5p1e1j0t4j7k0m8r9s7k6t5d9v8g4p3x2y0,97,2022-12-14 21:24:31.089638,meditation found
868,mundopranico,/guided-meditations/k7j0k9h6q4j9u1u0j8g2y4d9h2a3r4r8v9b2q3a7,97,2022-12-14 21:24:31.105256,meditation found
869,mundopranico,/guided-meditations/n3v4w9y4u6e5x2j3b3e8c6f9d3l1j5w6f4j0p3l9,97,2022-12-14 21:24:31.105256,meditation found
870,mundopranico,/guided-meditations/j1r1q3z5z6g5q0k7y0t1z8r0u4a6v8r1b3t0e8w1,97,2022-12-14 21:24:31.105256,meditation found
871,mundopranico,/guided-meditations/y6w9y6z6g1e8n2j7a2p7f7t0k5v5k8f2u8x0v9h5,97,2022-12-14 21:24:31.105256,meditation found
872,mundopranico,/guided-meditations/u1e5e1k0n6n0t4a5t6z4j5y1u6p8r0u8n4s4h9g6,97,2022-12-14 21:24:31.105256,meditation found
873,mundopranico,/guided-meditations/k7y1k2r3u4b2l4b6u8m7m1v4n3v3q2l5d0j1h5z3,97,2022-12-14 21:24:31.105256,meditation found
874,mundopranico,/guided-meditations/l9z5j3h1c3b4v3w0g8x6a6c4p2c0v6c9t2z5d8h0,97,2022-12-14 21:24:31.120889,meditation found
875,mundopranico,/guided-meditations/c4j8c0e1t5e4z4d4t0n2r5g1m5z9v4t3f3j2t1m5,97,2022-12-14 21:24:31.120889,meditation found
876,mundopranico,/guided-meditations/q5t3p9x7n1j0a0l8u1x3f1r8t8r7d8d5n7h1t0p8,97,2022-12-14 21:24:31.120889,meditation found
877,mundopranico,/guided-meditations/h3h4g3s4m5j8p6g7c4s5x3x2v3t8y3f7n3n3v4f9,97,2022-12-14 21:24:31.120889,meditation found
878,mundopranico,/guided-meditations/f7t2p1t4g6k4t4t1t3r6r4u4j5s4b5x9t6s5f1d9,97,2022-12-14 21:24:31.120889,meditation found
879,mundopranico,/guided-meditations/y3b0j2s6j4e0r4l9z9f0m4l5y6z7v8l9t0j0a6z8,97,2022-12-14 21:24:31.136510,meditation found
880,mundopranico,/guided-meditations/x7h0d4f4v3z5q1e6f5z9w5q6e4z5d9f6x5d5a3r7,97,2022-12-14 21:24:31.136510,meditation found
881,mundopranico,/guided-meditations/g3n2b4f9z2s3p2m9a1h2w5s5a0k2r5r6y6y1f6e3,97,2022-12-14 21:24:31.136510,meditation found
882,mundopranico,/guided-meditations/u1s8k0c9f3p5r8m8q2y6d8f2g5b1y7t6p9k8z7f4,97,2022-12-14 21:24:31.136510,meditation found
883,mundopranico,/guided-meditations/b8w2u9d8k6h4m1s1h9y2k9k8r5d7c2g1h4c2u5k6,97,2022-12-14 21:24:31.136510,meditation found
884,mundopranico,/guided-meditations/g8f5x6n6h0l2p9r9h5a0n5z2j4s1v3h1r5v7r0z5,97,2022-12-14 21:24:31.136510,meditation found
885,mundopranico,/guided-meditations/b1e8w4l4q6c0z0h2a0b6q3g6v0n3e9z7y2t6c0w6,97,2022-12-14 21:24:31.152130,meditation found
886,mundopranico,/guided-meditations/z8p3a2w5k6t7f1y2t5z7u8h5e7j1y8d5b1u4k5f0,97,2022-12-14 21:24:31.152130,meditation found
887,mundopranico,/guided-meditations/n3j3t2q4s6s6y2f6u2a5j0t8w5k4v2b9x8h2l0f5,97,2022-12-14 21:24:31.152130,meditation found
888,mundopranico,/guided-meditations/h5g1y6w8d4p4q3c8e0g0p9j9x1h2t1a7d0b6c3x1,97,2022-12-14 21:24:31.152130,meditation found
889,mundopranico,/guided-meditations/p0k1k5e8e4s9e8j9v0p2f7x5d2t8d3t5k7c0t5c5,97,2022-12-14 21:24:31.152130,meditation found
890,mundopranico,/guided-meditations/k0m2c2n6v2z8v6m6z7l7u3g8h7s6n5x6x2j9d0g8,97,2022-12-14 21:24:31.152130,meditation found
891,mundopranico,/guided-meditations/t4u7f7a1r9g1c3u6c0g9w5t2y2a1q4v9h3v4j8m3,97,2022-12-14 21:24:31.167759,meditation found
892,mundopranico,/guided-meditations/t6s5r9s6j7p9h2x7e0a8m6s1b0q3n2e9b1h6q9v2,97,2022-12-14 21:24:31.167759,meditation found
893,mundopranico,/guided-meditations/j9l7q5z0x3s9e5e9c0j1a6s5v1w3j2q3n1l0s6g1,97,2022-12-14 21:24:31.167759,meditation found
894,mundopranico,/guided-meditations/u9n3k4m8h5v0g6v7h4p0g7f4b6k9x4n3a6z2m6r8,97,2022-12-14 21:24:31.167759,meditation found
895,mundopranico,/guided-meditations/t8v3c0f6b4s8z4u5s0q0u3a4b5r8s4c7d6d8f7g9,97,2022-12-14 21:24:31.167759,meditation found
896,mundopranico,/guided-meditations/q0p7z2x0e7a1q3k4n9s8m0h4d8w2b9c9y2k3a0h2,97,2022-12-14 21:24:31.183390,meditation found
897,mundopranico,/guided-meditations/q3h6u9h4p0u2g3f6s9n3t8u8h4z5k0w9h1m0b4w6,97,2022-12-14 21:24:31.183390,meditation found
898,monimorett,/guided-meditations/t2x4l3f0k6g8j5n5v5j7k6x6f1r6a8u3n1b0k9r2,97,2022-12-14 21:24:53.448490,meditation found
899,monimorett,/guided-meditations/m1q0a9h5e6h7t9x8q6q8e4h2r9s9x1l8a2j4n1n1,97,2022-12-14 21:24:53.450562,meditation found
900,monimorett,/guided-meditations/z6s7h6m8w1y3m3v8b8e1j0q4u8v1d7z3r8a2b8n2,97,2022-12-14 21:24:53.451567,meditation found
901,monimorett,/guided-meditations/s3c8t9a7u0k4r5h6a3m5u9q5y5m5j5k3p9x0p0t2,97,2022-12-14 21:24:53.451567,meditation found
902,monimorett,/guided-meditations/l1b3s1s5a1t9j1t5q4w5p8d2f3f7c6x8q1d9w4m2,97,2022-12-14 21:24:53.452560,meditation found
903,monimorett,/guided-meditations/k4d1r2g3l0f8m8b9t1s7j2u4e3m5k8k5x4t1r6k3,97,2022-12-14 21:24:53.453568,meditation found
904,monimorett,/guided-meditations/k7j7z2t3f5c4z2m7p0y1q5f8b2k4k7a8f5c3v1q1,97,2022-12-14 21:24:53.454558,meditation found
905,monimorett,/guided-meditations/f0d5x1n6f3v1a7s1n0g7a0f1g9q7s0n3r4c9w9j0,97,2022-12-14 21:24:53.455559,meditation found
906,monimorett,/guided-meditations/v4s3v4h6q3m3v9r1d1z1z8d9w0b4g4r7y5k6h5d5,97,2022-12-14 21:24:53.456557,meditation found
907,monimorett,/guided-meditations/q7m5d7t5x9d5d4w4m6w7v9w3r8b2y3d3a7e3t3c2,97,2022-12-14 21:24:53.456557,meditation found
908,monimorett,/guided-meditations/f7u1g1e2n3g5f3w3v2d5z4f8a0m0x9l2f1s5n8h8,97,2022-12-14 21:24:53.457570,meditation found
909,monimorett,/guided-meditations/s8z3q4m2z9q4j0w2d8h6v9t5r2h1x6p6e5n5b0s5,97,2022-12-14 21:24:53.458564,meditation found
910,monimorett,/guided-meditations/h0d5e7j3d0q4h0y4c4a0u9c6s8e0h6k5m5f5f3d4,97,2022-12-14 21:24:53.459470,meditation found
911,monimorett,/guided-meditations/j1n7p4b2z4p4n1a3n4f5j9t3z3p6e1n6g0b9n0f3,97,2022-12-14 21:24:53.460508,meditation found
912,monimorett,/guided-meditations/f1d4g6e7c8h5e8v7p4b1x3y5m4p9p7c5y3v6u0d5,97,2022-12-14 21:24:53.460508,meditation found
913,monimorett,/guided-meditations/c4g4g2y6e5g0m2a2u6e2z3a5x7l6p6x4x3q6u0p6,97,2022-12-14 21:24:53.461500,meditation found
914,monimorett,/guided-meditations/s4h3z4z4s0c7q9g8c0v9z0g3y4v2k3e2t4z5h5g7,97,2022-12-14 21:24:53.462506,meditation found
915,monimorett,/guided-meditations/z3h3g4y2u4k2n6h2v4j4k8h5d6f7t8g0g3y5x4w6,97,2022-12-14 21:24:53.463560,meditation found
916,monimorett,/guided-meditations/c5h5x4u2s4g2l5p7u7z9b6u6y3y6c2r0b6n4g7n2,97,2022-12-14 21:24:53.463560,meditation found
917,monimorett,/guided-meditations/a9c6u1u2d7h7u7p6j7w6c5b5w4s3y4q5t8z0u4x1,97,2022-12-14 21:24:53.464563,meditation found
918,monimorett,/guided-meditations/d4v4g2f2t9j1g4v7p2r5l7y6z4w8t2p7v7e5c5n0,97,2022-12-14 21:24:53.465558,meditation found
919,monimorett,/guided-meditations/d1f5r7t1q4v0r1k1a0m3h9p8x6m6u3j5c7u6t0a8,97,2022-12-14 21:24:53.465558,meditation found
920,monimorett,/guided-meditations/k3l2t0c7y6s2s1e6u0b4h5k9b0f6p7e1s4u0v4s7,97,2022-12-14 21:24:53.466556,meditation found
921,monimorett,/guided-meditations/u3w5n8z1z9k0g7v5k3t5v0y2y9h5t4f3g8t3e4b4,97,2022-12-14 21:24:53.467573,meditation found
922,monimorett,/guided-meditations/u2d1s1p7e6h3h7r4w4t8g3m9d8v0y8p0c8r6g8r4,97,2022-12-14 21:24:53.468570,meditation found
923,monimorett,/guided-meditations/r8n0d1w3d5p4b7r2s1u9t4n5w2p6w8y9c6g0t7f3,97,2022-12-14 21:24:53.468570,meditation found
924,monimorett,/guided-meditations/s0t0l9b4a3g5c2d7c5d0a5w2j3m2t6t0v3m8w2a6,97,2022-12-14 21:24:53.469569,meditation found
925,monimorett,/guided-meditations/s6k6r3b3z8u3c8d9j5g2n4y4m2v4x3w4n3q3j4m7,97,2022-12-14 21:24:53.470602,meditation found
926,monimorett,/guided-meditations/h6u3t9a7x0r5p5v8z8w6g5r9t8q6h7w7f4s5f5a1,97,2022-12-14 21:24:53.471579,meditation found
927,monimorett,/guided-meditations/y7j8g2h7s9f5a3p7m4b6c3r6u3w1n3w4y9h3b9c6,97,2022-12-14 21:24:53.471579,meditation found
928,monimorett,/guided-meditations/a0r6t9z6t6v4e4y5k2t1p9m8w2j9h2a5s4k5w5g7,97,2022-12-14 21:24:53.472568,meditation found
929,monimorett,/guided-meditations/c0b4e4k8m8d7e8f2y6m7v1g1c9t6n5p7u1r5s8q3,97,2022-12-14 21:24:53.473566,meditation found
930,monimorett,/guided-meditations/c8j5w4t6a4u2c1s3d1g0f5e8n2p7p9r3h1j5j3u6,97,2022-12-14 21:24:53.473566,meditation found
931,monimorett,/guided-meditations/x8w2a2a1h9s7j3h6b5e2w6n3f8d0q3s5l7f0e0c1,97,2022-12-14 21:24:53.474568,meditation found
932,monicapadros,/guided-meditations/w1l6m6y1b8y7m9v6c3n3u5c5f2f9n1b1k9q1d1s4,97,2022-12-14 21:24:59.388129,meditation found
933,monicapadros,/guided-meditations/r2p2d2r3c3h5z5h9b3v1f2n8n5v4k6r2j2k7g2q7,97,2022-12-14 21:24:59.388129,meditation found
934,monicapadros,/guided-meditations/t0j6u7c4l3r2e8e7t7q4h6t8x7u1n7g6x3x7g9j9,97,2022-12-14 21:24:59.388129,meditation found
935,monicapadros,/guided-meditations/a5j2z6x8x5x1r4a7f6p0y4y1g0z5x3g0c3m1a9n6,97,2022-12-14 21:24:59.388129,meditation found
936,monicapadros,/guided-meditations/j4z2x5b9h2k4r3e9h5u7s9h9h9u3z0a0w5c0b4s6,97,2022-12-14 21:24:59.388129,meditation found
937,monicapadros,/guided-meditations/l8k4n0w7b7x7z2l0s6c2d5m1e8g9w6r0j1b2b3s9,97,2022-12-14 21:24:59.403707,meditation found
938,monicapadros,/guided-meditations/l1x6m4e7a1d2t7j9y5s3q7n1x7f4g0h4m5u0h6r6,97,2022-12-14 21:24:59.403707,meditation found
939,monicapadros,/guided-meditations/x2s2j0c3p1b3k5u3k1d5t3b3j6p0c6n2a4v2b0c3,97,2022-12-14 21:24:59.403707,meditation found
940,monicapadros,/guided-meditations/g5x9q4y7v4a7m5z5g3a2s1p2s1h5j7x5y7t8u0z7,97,2022-12-14 21:24:59.403707,meditation found
941,monicapadros,/guided-meditations/u9c8t6q9x0r7u3s9b2e3p7r4h9d4a5k3s0a2r9w2,97,2022-12-14 21:24:59.403707,meditation found
942,monicapadros,/guided-meditations/w9j7d1q8r6z9z8l1s5b9z7l6e4l9b0b5q3p3x8b2,97,2022-12-14 21:24:59.403707,meditation found
943,monicapadros,/guided-meditations/g7g2b6p1g3m1w8v7a3y6e7a9w9y3m3h9w6x1m2z7,97,2022-12-14 21:24:59.403707,meditation found
944,monicapadros,/guided-meditations/b6g5z7p8u3c5a4k6v2a2f7c7l2d5p7m8p1m7q7c6,97,2022-12-14 21:24:59.403707,meditation found
945,monicapadros,/guided-meditations/g0b8j3u5q7g9q5r5p7z4t0h5m5b4z1x2n6u9p5d5,97,2022-12-14 21:24:59.403707,meditation found
946,monicapadros,/guided-meditations/q8e6z0q4y2v9d3j7z1k3f7h5y0v4y0m5a2b7x6a6,97,2022-12-14 21:24:59.403707,meditation found
947,monicapadros,/guided-meditations/e5v2s4s7b5r1e2k1n5t7h8f5e1w9q9v1p4r9w9t3,97,2022-12-14 21:24:59.403707,meditation found
948,monicapadros,/guided-meditations/q1t5c9y2n4w4z3h2j2j8w6u0b8q7g9u5s0d8b6t7,97,2022-12-14 21:24:59.403707,meditation found
949,monicapadros,/guided-meditations/u4d8a8p8m8z4f4n5k5r0z3y8b5d8n2p6j2e7e6p7,97,2022-12-14 21:24:59.403707,meditation found
950,mary_relaxation,/guided-meditations/h8b1u0b1u6z1g5v9c8u9a2v6m0v0v3m0u8g0j1h5,97,2022-12-14 21:25:21.450274,meditation found
951,mary_relaxation,/guided-meditations/j2y4p0w1t9m0w0w2y9u0l8c3a1a8m8t0q0y6t2p1,97,2022-12-14 21:25:21.450274,meditation found
952,mary_relaxation,/guided-meditations/w0y5h4g2j9q7b4t7t6a6z7g3e3t8j8n7d3e8u2a1,97,2022-12-14 21:25:21.450274,meditation found
953,mary_relaxation,/guided-meditations/t8e9k7y3d8y5q4k8m7v8u9c8l2j8z9c2h7u8g2u4,97,2022-12-14 21:25:21.458231,meditation found
954,mary_relaxation,/guided-meditations/n7v4p4t0b9k2m8k3z3v0l5s1b9z7r2a7b1x6y2a8,97,2022-12-14 21:25:21.459245,meditation found
955,mary_relaxation,/guided-meditations/g0j9m6f0z0w3u8g0e2l3f3s3e3y6p0y5h2c0l1e0,97,2022-12-14 21:25:21.460277,meditation found
956,mary_relaxation,/guided-meditations/j7v8q5v9x9v9v3t0t9t6a0j1c1z2e2d1u7h8y0p5,97,2022-12-14 21:25:21.461355,meditation found
957,mary_relaxation,/guided-meditations/v3b7g9z1d4x2u6k0k9u0a5k6x8k7f4k9w0b3q6w3,97,2022-12-14 21:25:21.462365,meditation found
958,mary_relaxation,/guided-meditations/h7t1a1g0g6r7u1k8t1l4f1e9j2t2b2q3x9v6x6t5,97,2022-12-14 21:25:21.463368,meditation found
959,mary_relaxation,/guided-meditations/q1s0u2w3j1b2z2m0k9m5j6n7n8l8d4x7v8b5x2f9,97,2022-12-14 21:25:21.463368,meditation found
960,mary_relaxation,/guided-meditations/g4k9f4j2x9t0z5h2z2d9h6f2p0x0x8m5m0d8f1r8,97,2022-12-14 21:25:21.464365,meditation found
961,mary_relaxation,/guided-meditations/z6n2x1z3t6t4s1g9s5r1j0r2u2f1g3c3u2d1b4v0,97,2022-12-14 21:25:21.465365,meditation found
962,mary_relaxation,/guided-meditations/t6y8j0g5z3h8s8f3t4q6r6n0y5p2b4j3m8t0n2n4,97,2022-12-14 21:25:21.466368,meditation found
963,mary_relaxation,/guided-meditations/e2m5t0k1g3b0x7n7x2f6c2s9b4r5x3x6f9x4q1d5,97,2022-12-14 21:25:21.468364,meditation found
964,mary_relaxation,/guided-meditations/j3y6m5t6t9x0r9m2c1p2z8u5q5s5k5a3f5k1p5m8,97,2022-12-14 21:25:21.470365,meditation found
965,mary_relaxation,/guided-meditations/k5x3v4x6r1b0h7z1r3h5h6z3s7c4t5n5v1v2c6d8,97,2022-12-14 21:25:21.472365,meditation found
966,mary_relaxation,/guided-meditations/m2w1g0k7t0k9w5a0g5c3l7q0u4r8s3p7q0t7m5e7,97,2022-12-14 21:25:21.474364,meditation found
967,mary_relaxation,/guided-meditations/b0e9j7z4d7m3e2a5t4q7a1g1j0a9f1y3r3b5d2c4,97,2022-12-14 21:25:21.476364,meditation found
968,mary_relaxation,/guided-meditations/c2q7j1t6m9x6n6h5f7b5m9e8w6u3l1k2d0f2g5s1,97,2022-12-14 21:25:21.478370,meditation found
969,mary_relaxation,/guided-meditations/v8l4v8j3y1t1j7r5y1d7s6q7m0h4s8l8m7a2h7m2,97,2022-12-14 21:25:21.480370,meditation found
970,mary_relaxation,/guided-meditations/y4w1e9e7j4r8g5b2t2b4r5q9b7k5h4c5l6d0w2b1,97,2022-12-14 21:25:21.483368,meditation found
971,mary_relaxation,/guided-meditations/z7w9v8b5y2w6k3q3f8a4u1w2t2z0x0u5t3x5n8a1,97,2022-12-14 21:25:21.484616,meditation found
972,mary_relaxation,/guided-meditations/t6k6j2w3y8c1c6q9t8q8s4b7m0r2u6f0p5a0r8u1,97,2022-12-14 21:25:21.484616,meditation found
973,mary_relaxation,/guided-meditations/y5t6x3v0a1f3n4b1u7a9z9a0e1n8t6w3h0y0n8q8,97,2022-12-14 21:25:21.484616,meditation found
974,mary_relaxation,/guided-meditations/t0n3j6x3v1u2l8r1w1x9f9t1p7h4j4f7a4v7w3t8,97,2022-12-14 21:25:21.494000,meditation found
975,mary_relaxation,/guided-meditations/p2z3h0q4d6p0e3v9w7p3d4d3w4v8q3t2s7b9g1y7,97,2022-12-14 21:25:21.496999,meditation found
976,mary_relaxation,/guided-meditations/r1b9l6d0y4v8b0u7y4x5m7t8k9d8n4r3u4d1m8b1,97,2022-12-14 21:25:21.499001,meditation found
977,mary_relaxation,/guided-meditations/p6g1y2a3d4z3y4l1j1m2k6g7j2t2z5q4k1m6d2u2,97,2022-12-14 21:25:21.501391,meditation found
978,mary_relaxation,/guided-meditations/s8b4g9b2p3p2t3v9j4q3y7c8h1m9w3y1h0n0u0e9,97,2022-12-14 21:25:21.504391,meditation found
979,mary_relaxation,/guided-meditations/d7c6e0m0b8u3v1x1s4x4w2k6f9y7a0w2w9v8g2s4,97,2022-12-14 21:25:21.507395,meditation found
980,mary_relaxation,/guided-meditations/r8b8s2m7p7w4y9c1s4y6j0f6k4w4c6p2m6g0t8d9,97,2022-12-14 21:25:21.509393,meditation found
981,mary_relaxation,/guided-meditations/y8z8s2a8b0e2e3m3p7s3s6d3c6p5s3q3h5j8y4l1,97,2022-12-14 21:25:21.512391,meditation found
982,mary_relaxation,/guided-meditations/g0b7q8l9b3b1c2w9x1q4m8c8t6h7x6j1p1r7j1k3,97,2022-12-14 21:25:21.514395,meditation found
983,mary_relaxation,/guided-meditations/r7h2w9f3w2d5k6j0y9s8y0c0v6x1b4w1w0l5u1a6,97,2022-12-14 21:25:21.517389,meditation found
984,mary_relaxation,/guided-meditations/v3n0u7v5y6f2q2c4y2a5f1x8t5s5v4d9z7w4y8b2,97,2022-12-14 21:25:21.519392,meditation found
985,mary_relaxation,/guided-meditations/r9u1j4f7f9w2u8k1h3e7d6s5e4m3z3b4u0q8f2c1,97,2022-12-14 21:25:21.522402,meditation found
986,mary_relaxation,/guided-meditations/h5g5t7u1k9d5a7j9d9g2z8t1e1f2k4e5p1j7y4e8,97,2022-12-14 21:25:21.524391,meditation found
987,miali,/guided-meditations/m1j7p4u8x1b9f8v2p2n3s7p7k3n5m3w5l9d4m0x3,97,2022-12-14 21:25:27.118608,meditation found
988,miali,/guided-meditations/n2w4d3d8c3m4l0c7t4c4r8g2l5x4r7n1z4b3w3m9,97,2022-12-14 21:25:27.118608,meditation found
989,miali,/guided-meditations/b3s6d0y4b5u5k6g2f7j6h9g6t6u7n6r0n7m6z6z0,97,2022-12-14 21:25:27.118608,meditation found
990,miali,/guided-meditations/j5n5h5p1x2p0b4f0u9v3c1k8k8k6x8c3y5c5f9t3,97,2022-12-14 21:25:27.118608,meditation found
991,miali,/guided-meditations/l0k0k0u5m5n1e6b0m4k1m7z7y5z6g5f2s8v6s2c7,97,2022-12-14 21:25:27.118608,meditation found
992,miali,/guided-meditations/v1g0v0z0u1q3w5x5w7p5q1m6a0u3u2u9b1y9p4l2,97,2022-12-14 21:25:27.118608,meditation found
993,miali,/guided-meditations/w8z7y6p5v7u1h4j1k8m9k4n5r6c3s2v3f6d1t0c5,97,2022-12-14 21:25:27.118608,meditation found
994,miali,/guided-meditations/j0r4j9e9j5n8x0w2f6f6f7s1d5b4a7h6l5x7e0r8,97,2022-12-14 21:25:27.118608,meditation found
995,miali,/guided-meditations/r5e9v8p3r9d1v4u5u8w9s9c4y8s6g2d4a1y8t6w0,97,2022-12-14 21:25:27.118608,meditation found
996,miali,/guided-meditations/y5b4r2v1e5e5g9x6k5k9u7a4u6d3l5z7a1k5q4v2,97,2022-12-14 21:25:27.126575,meditation found
997,miali,/guided-meditations/k4s5j1b2q3u6j4n1s7c6z8n3g4g8a4h1l8c7c5x7,97,2022-12-14 21:25:27.127637,meditation found
998,miali,/guided-meditations/v8q3g4g8b4z4f5n9k8c7s2s9b9p6z3d6z8n6d9w6,97,2022-12-14 21:25:27.128639,meditation found
999,miali,/guided-meditations/r5e0t1u2z0t7n7v4s9g5p8w3g3z8h5x6d4f2q2z1,97,2022-12-14 21:25:27.129637,meditation found
1000,miali,/guided-meditations/q3m5c5y4v4x4s4v4n7c6p8n6f8d0v8r9h4k2g8q0,97,2022-12-14 21:25:27.130716,meditation found
1001,miali,/guided-meditations/p3j7u1h3a5e5l6u9u7k5f8e2y9r9h2w6e0e5h4u1,97,2022-12-14 21:25:27.131628,meditation found
1002,miali,/guided-meditations/t0a3b6g5s7l4b0j4b4y4e1e9a6b4c2d8p5h6x9x4,97,2022-12-14 21:25:27.131628,meditation found
1003,miali,/guided-meditations/v6a1j1p8h1e8d4y6d4k2p5y9t2r0m6b5q0j7x2b8,97,2022-12-14 21:25:27.132628,meditation found
1004,miali,/guided-meditations/r3m2r0f5w3b1a3u4f9b6f7r1d2u6m0h6d8g9z6w1,97,2022-12-14 21:25:27.133627,meditation found
1005,mysticbridge,/guided-meditations/d5m4q7j4a8x8p4d4v1n2q3u7c6v8h7m5s2u5x5m5,97,2022-12-14 21:25:33.756307,meditation found
1006,mysticbridge,/guided-meditations/k7w6u0k8u8r1g6w4g7d3k8a4l2x0x4x9v0b6r4g0,97,2022-12-14 21:25:33.757304,meditation found
1007,mysticbridge,/guided-meditations/d8n6m4j1v3s1s1a5c2b3c1x9s7v5u1w0m6m6v6a2,97,2022-12-14 21:25:33.759314,meditation found
1008,mysticbridge,/guided-meditations/w7m9z3c9h1y8w6d2n4f8q1s2r3r5w7u1x1a7q0y0,97,2022-12-14 21:25:33.760260,meditation found
1009,mysticbridge,/guided-meditations/j2k7p7d7p9p0p3r4x8r9g8m6h5q9g5v3r8c0q7y8,97,2022-12-14 21:25:33.761260,meditation found
1010,mysticbridge,/guided-meditations/t6v8c5h9h4s7j9u5b9j6w1e5j4r1u8d4a5t2t9b6,97,2022-12-14 21:25:33.762332,meditation found
1011,mysticbridge,/guided-meditations/x8j6y6z8j8q2w5y6b0s7c7z0t6c1c7g9q9v0l1z5,97,2022-12-14 21:25:33.764319,meditation found
1012,mysticbridge,/guided-meditations/g0j1l3m1j1j8g1g9m3n5s4y8c0q0p2y6g3c9a2f7,97,2022-12-14 21:25:33.765320,meditation found
1013,mysticbridge,/guided-meditations/g8t7a1k8a4r3w9f0f7g8k9y5f4a9d0u8d0y5n1a1,97,2022-12-14 21:25:33.766319,meditation found
1014,micaralink,/guided-meditations/d7p6j3l5x0s8n9r6v3z0t0n9u9n6t9v0l7b4v3e1,97,2022-12-14 21:25:50.779367,meditation found
1015,micaralink,/guided-meditations/j3r3b1w7a9r1p0z9v9k5g8d1k0e5e1h3n2a1d6m6,97,2022-12-14 21:25:50.779367,meditation found
1016,micaralink,/guided-meditations/z1u4h5y0z0y1m9z8k3v8w9p5m1x9w3j0g6g8e7c5,97,2022-12-14 21:25:50.779367,meditation found
1017,micaralink,/guided-meditations/p1h3u3d8m8p2c4t8n0l1v1l2t4n2w8a7m2j6m3x0,97,2022-12-14 21:25:50.783049,meditation found
1018,micaralink,/guided-meditations/r0x9p4s0t6s5p3m0j0a6f8k8g4y7u4r5p4c5h7v2,97,2022-12-14 21:25:50.784047,meditation found
1019,lovelyspirit,/guided-meditations/m2f2f4m5g2r8r2s3z3n6t6c6w6j0d9k3h4h6k7u2,97,2022-12-14 21:25:55.944838,meditation found
1020,lovelyspirit,/guided-meditations/e8j7e2v4g6v8k8p5z2h6k9t6s0d1g7j5f7u4b9f3,97,2022-12-14 21:25:55.945840,meditation found
1021,lovelyspirit,/guided-meditations/e2e8h0n2b2e9b6g7w2v1m0h0z1p4b4j3a7r9h0z0,97,2022-12-14 21:25:55.946841,meditation found
1022,lovelyspirit,/guided-meditations/x2d3h6s1a2x5z5j7w3b7s6b2d1m6z4q5f1d8l9g0,97,2022-12-14 21:25:55.947839,meditation found
1023,lovelyspirit,/guided-meditations/j2f6a9u9u3b7v5f7y6g4c3g5s2q3v2x7v5k4q7x7,97,2022-12-14 21:25:55.948838,meditation found
1024,lovelyspirit,/guided-meditations/n3k9a6x3l5h1g6s6f0x4y7e8q1q4k4k8p8k4v8r8,97,2022-12-14 21:25:55.949839,meditation found
1025,lovelyspirit,/guided-meditations/s1h2k8w9w1b8z5h1p7u9c1e9q0x6d4h9g5n9y4t3,97,2022-12-14 21:25:55.949839,meditation found
1026,lovelyspirit,/guided-meditations/b0b0f6p9c8m9d5k6e3s9v3m5r3d0s7f2r0x1y0r6,97,2022-12-14 21:25:55.950838,meditation found
1027,lovelyspirit,/guided-meditations/d9e4k4x4s8x0b6e5z7y6n8b1k1x5q8f9m0k4a8n5,97,2022-12-14 21:25:55.951838,meditation found
1028,lovelyspirit,/guided-meditations/t1r4v4h7j1j8v6g3f5q1r4c4f5t3h3v5f3a8t6e3,97,2022-12-14 21:25:55.952839,meditation found
1029,lovelyspirit,/guided-meditations/b8y9l3f8x2e8g2w7p6y6t6u6d6p4h5c5y9q0l1g9,97,2022-12-14 21:25:55.953839,meditation found
1030,lovelyspirit,/guided-meditations/s0e7z3w7z8s7p7c6s4q6h7p9a9l7h1z0j6d0a8v3,97,2022-12-14 21:25:55.954839,meditation found
1031,lovelyspirit,/guided-meditations/f8p1r9f0d1d5n4c5a6t3u4z3e6z7x3k4w1h3f3h3,97,2022-12-14 21:25:55.955838,meditation found
1032,lovelyspirit,/guided-meditations/c8t0d0b9y4p0p4t2s4q6y6q4r3w2n6k8n5r6y2c5,97,2022-12-14 21:25:55.956838,meditation found
1033,lovelyspirit,/guided-meditations/t2z7t2m2n7v2c6k9e9g9g4z5w0b4g3s9k4h0c2q9,97,2022-12-14 21:25:55.957838,meditation found
1034,lovelyspirit,/guided-meditations/f9t1l4m5v3k9f1z2c3f2y9n9r4f3b2g1v0h2m8k5,97,2022-12-14 21:25:55.958838,meditation found
1035,lovelyspirit,/guided-meditations/x4j7j6s9h4u2x5s4m9t0c9z5v8n7d3a6f6n2p2n7,97,2022-12-14 21:25:55.959838,meditation found
1036,lovelyspirit,/guided-meditations/u7x5v8c7n8p4k3c1p8k9n3q7j3z0c7n8v5z7w9u1,97,2022-12-14 21:25:55.960838,meditation found
1037,lovelyspirit,/guided-meditations/x4c8t3s9p0w3p3s7u8a8b7k4m7c7y2n2y5c1m3f6,97,2022-12-14 21:25:55.960838,meditation found
1038,mariameulders,/guided-meditations/z7p0m2v6x6h5e8x4f6c7l1d3g2e2r3l4d8q0k2l7,97,2022-12-14 21:26:17.619311,meditation found
1039,mariameulders,/guided-meditations/q9e5t7t1h1t9t5j1k4z5f8z3q0f8t6y2n8m5l5r3,97,2022-12-14 21:26:17.621323,meditation found
1040,mariameulders,/guided-meditations/f4e9z1d7s9a6y9t7b4d4f0r8s5k9b6p5j4m8w4t3,97,2022-12-14 21:26:17.622377,meditation found
1041,mariameulders,/guided-meditations/e7v0f0d4h6q7z8y1p4y0v4h1y3a0h5y0n4c4l8n3,97,2022-12-14 21:26:17.623313,meditation found
1042,mariameulders,/guided-meditations/t2s7c7h4s7r2q5z1k1m4y8t5p5h7u4t9x7b0c4a4,97,2022-12-14 21:26:17.624361,meditation found
1043,mariameulders,/guided-meditations/m3k9n3h9u2f2p8h0v4x2f3r5s7l1m1k2v1p6r2n8,97,2022-12-14 21:26:17.625368,meditation found
1044,mariameulders,/guided-meditations/w7q9u2j5m3r2e3q4f2a0e6k0r5q6y4q3w7y5f6w0,97,2022-12-14 21:26:17.626314,meditation found
1045,mariameulders,/guided-meditations/q2s4u0c9d6b0b6a5n3f9j9n2b6t3r7m8k4d6g0z6,97,2022-12-14 21:26:17.627350,meditation found
1046,mariameulders,/guided-meditations/v5q6n9y0l5y4c6g1c3y5d4b0s3r3y4f2z7w5x6k7,97,2022-12-14 21:26:17.628360,meditation found
1047,mariameulders,/guided-meditations/q2e8m1t9a7y0m0c4v1e4g5z9e4z2a7j7q8y9q6d2,97,2022-12-14 21:26:17.628360,meditation found
1048,mariameulders,/guided-meditations/s7r0z0h9p9v0w6h1g5s4t9u8e2f5v4b7q7a5x6a1,97,2022-12-14 21:26:17.629313,meditation found
1049,mariameulders,/guided-meditations/y0q5b8k8y0d3b0q3n2u5j0k0s2n0k1m4s6s9w5x2,97,2022-12-14 21:26:17.631318,meditation found
1050,mariameulders,/guided-meditations/s8f7u2w5p6d2h2x0c4t2a5c8d9t6j9q6h8p7q6n1,97,2022-12-14 21:26:17.633322,meditation found
1051,mariameulders,/guided-meditations/y1l7w5q4r6e9p4e5y9a6s8d8z9g9d6m1q3c2g9b9,97,2022-12-14 21:26:17.635314,meditation found
1052,mariameulders,/guided-meditations/g2d2e1k9s8e0c9p0k8z8f9w1z0g9h2u0z0y1u2c3,97,2022-12-14 21:26:17.637333,meditation found
1053,mariameulders,/guided-meditations/k8k5u4a5u4g5f1n3n6a6e1s4q3x0l2e4t6f6b2n1,97,2022-12-14 21:26:17.640346,meditation found
1054,mariameulders,/guided-meditations/g2e2a6v9k0k7n8z2d6l2a0p9n2e6c0g6k6w1b5f2,97,2022-12-14 21:26:17.643311,meditation found
1055,mariameulders,/guided-meditations/t4w7e1b6c4d6g8p6m4f0u0b1r9u1p1s1a6p1b9l5,97,2022-12-14 21:26:17.646327,meditation found
1056,mariameulders,/guided-meditations/m6g7n3t4p7r0x0p9k2j9y2n1v9k0v8g9b3f0c3r4,97,2022-12-14 21:26:17.648312,meditation found
1057,mariameulders,/guided-meditations/x0s7x3e0j7n0g4y6w5m4x5v3y8a9u4t9j1z0b5s3,97,2022-12-14 21:26:17.650314,meditation found
1058,mariameulders,/guided-meditations/b0d5c2s0h3p4a1a9n0b8h4f6g3v9v2y5p1p2n0m8,97,2022-12-14 21:26:17.651313,meditation found
1059,mariameulders,/guided-meditations/b4y0a3w5m0f2n0t5e7v3t3n8a1z4g9z2g1b0h2k0,97,2022-12-14 21:26:17.654444,meditation found
1060,mariameulders,/guided-meditations/e1u1g4p2u5f5a0e0j7c6j8n0b3r6f8f1f0k8c2c4,97,2022-12-14 21:26:17.656371,meditation found
1061,mariameulders,/guided-meditations/b4w9d9c6g7v7d9t9e8s3e6d4j7k4v8n1a8q0c2c0,97,2022-12-14 21:26:17.658441,meditation found
1062,mariameulders,/guided-meditations/q9a5w5a6h6b4u7c3z4q5y7v6h7h2h8d0h6r3d9c9,97,2022-12-14 21:26:17.661422,meditation found
1063,mariameulders,/guided-meditations/c9y1c6w4n9q0p2v1t2n3h4e8x9q5u4f4x0n3n7p3,97,2022-12-14 21:26:17.664316,meditation found
1064,mariameulders,/guided-meditations/x1n1m8m6n4g0v7l6x7r6u6a0r6e1u4u1u1n0u7g9,97,2022-12-14 21:26:17.666313,meditation found
1065,mariameulders,/guided-meditations/b1e5u8n8w5f0b7z0n4z1x7q2h8q8h5w1j2u4x3u3,97,2022-12-14 21:26:17.668314,meditation found
1066,melemlyn,/guided-meditations/p5p4a2u7j1e1b8e0q7v6w8m8m7w5p3z5e6d3s9a1,97,2022-12-14 21:26:23.711614,meditation found
1067,melemlyn,/guided-meditations/b3p6v8w2e6s8j5q4n0f2t7b0l8f4d2c8m9f9a5q0,97,2022-12-14 21:26:23.711614,meditation found
1068,melemlyn,/guided-meditations/c3f2y4c8b7t4d5u7g1m8y5m4l6k4n0m8g9p2e9h8,97,2022-12-14 21:26:23.711614,meditation found
1069,melissaeisler,/guided-meditations/f4z9j0b0b2x2w1e5q0m0y3c0j5w6b7w6p5a9x1e7,97,2022-12-14 21:26:31.643596,meditation found
1070,mathiasgrassow,/guided-meditations/h5b0h6w5r9e1n2v4c6z6d8w8m7t8y4b0f5a0d2y5,97,2022-12-14 21:26:53.618380,meditation found
1071,maryvonneverkerke,/guided-meditations/p7l0c5s8v4e0a7q8t5g5q6p3q5t6j7a8r6c5v4a1,97,2022-12-14 21:27:00.153598,meditation found
1072,maryvonneverkerke,/guided-meditations/r9x4l0h2x8h6n5a7q6x0b8m0r4q4u0d6f5b8u9q3,97,2022-12-14 21:27:00.153598,meditation found
1073,maryvonneverkerke,/guided-meditations/q5m5f1p6b4b6d5b4f8c3z5u4b0n9u3b1w1z7a3b6,97,2022-12-14 21:27:00.153598,meditation found
1074,maryvonneverkerke,/guided-meditations/d7d4s9q7z2q4v3h7r6k9g6x5q3v5y0q1d8m3s4b9,97,2022-12-14 21:27:00.153598,meditation found
1075,maryvonneverkerke,/guided-meditations/t1b6x5e1x2p5c3q0m4x7r8z6c5p3s4b9f9p5c7a1,97,2022-12-14 21:27:00.153598,meditation found
1076,maryvonneverkerke,/guided-meditations/r6m7b1a1j9h7f3n5d5j2n4c1n4m3h7n6h0q4u7u8,97,2022-12-14 21:27:00.153598,meditation found
1077,maryvonneverkerke,/guided-meditations/g1t3k9y3a1c5w7h6c2b8c0h5k0e5e6a2r1y0y5a9,97,2022-12-14 21:27:00.153598,meditation found
1078,maryvonneverkerke,/guided-meditations/c8b9a0z2m3s9k8t4c1t9e6y9z9q6y2b5t8j9y5z6,97,2022-12-14 21:27:00.169295,meditation found
1079,maryvonneverkerke,/guided-meditations/p7f8w2x9x8z2b6e6r2x9x7x6k7w2t1p9g3s3k3b8,97,2022-12-14 21:27:00.169295,meditation found
1080,maryvonneverkerke,/guided-meditations/c6r4z2s7x5l4y4k2y7b9j3j1k3y4d4e7t0s4q1t8,97,2022-12-14 21:27:00.169295,meditation found
1081,projectunfold,/guided-meditations/g0p7f3v6e7k1p7x0z4z2s0a9g2d4a7k9t4f8u3e2,97,2022-12-14 21:27:22.429463,meditation found
1082,projectunfold,/guided-meditations/d1y9x0s0r6j3s9g1s0l6v5a7p0r7c1w5d7w3k4a7,97,2022-12-14 21:27:22.429463,meditation found
1083,projectunfold,/guided-meditations/k3b2b0f0h3g8p0d3v0n2w7w8p5s5p0y8m0d5n6w8,97,2022-12-14 21:27:22.429463,meditation found
1084,projectunfold,/guided-meditations/a1w8h5b9t7t1k9e6r3m4d2y1d8k9g4j4x0h0r0v5,97,2022-12-14 21:27:22.429463,meditation found
1085,projectunfold,/guided-meditations/g0m3m1v0x3d8b3k4p2l0p8j1n1z5v5v0v5b7u5m4,97,2022-12-14 21:27:22.429463,meditation found
1086,projectunfold,/guided-meditations/x9c2w2f3y8s7u1q6e4s2k5h1t0d4k9q6q8h3b6p9,97,2022-12-14 21:27:22.429463,meditation found
1087,projectunfold,/guided-meditations/y7r5y7c8r0k4h1l2w4g5q5m4g9n6d1k8a9c5w0w7,97,2022-12-14 21:27:22.429463,meditation found
1088,projectunfold,/guided-meditations/w4g6y4m3h1m1s7w3v1d7m6g2c1c0s3w4u6c6m6q1,97,2022-12-14 21:27:22.429463,meditation found
1089,projectunfold,/guided-meditations/t4h7e4y5c3e9h0h3p0y7w7n2p3v8t1f1w3z9x8n4,97,2022-12-14 21:27:22.429463,meditation found
1090,projectunfold,/guided-meditations/y6u7n4g0t7v0q3z7r5e5b8p0m5m4b8x2y5f7y1k1,97,2022-12-14 21:27:22.429463,meditation found
1091,projectunfold,/guided-meditations/c6d0b6n6m0s7b0z3m2e2g4c9q3m5t9s2p2r0y9c1,97,2022-12-14 21:27:22.429463,meditation found
1092,projectunfold,/guided-meditations/r8u1y3y3k5p8g6r2x7p2g6g3h2z0q8s5w0x6v9b0,97,2022-12-14 21:27:22.429463,meditation found
1093,projectunfold,/guided-meditations/w1a1r6j2v4s0d4h3s3q3z2l8r6z7n8t2m9x1c3d0,97,2022-12-14 21:27:22.429463,meditation found
1094,meditativeawakening,/guided-meditations/a2s8r3r1x7d3t0h2h4q1k0a7t6w3b7g6y5z8l3a7,97,2022-12-14 21:28:00.366375,meditation found
1095,meditativeawakening,/guided-meditations/d8z2u9t9u4f5s0v4d2k5b9q2v4f1u3z9k9q6q4t9,97,2022-12-14 21:28:00.367377,meditation found
1096,meditativeawakening,/guided-meditations/r9n4c0j2s5t5d5x6t7k9p8p7r0d8z4h6j2c9q0n9,97,2022-12-14 21:28:00.368377,meditation found
1097,meditativeawakening,/guided-meditations/b8m8h6v9f9x8b1l6u2a5j3f4k7g8y1g2e3x4l6k7,97,2022-12-14 21:28:00.369388,meditation found
1098,meditativeawakening,/guided-meditations/t4r1j4b1s2a4b6s4s8t7w5m5f8y0l0n3p4c8n8l9,97,2022-12-14 21:28:00.370477,meditation found
1099,meditativeawakening,/guided-meditations/t0n0m7r2e0p6d2u6t6f2b7w0y4k5e6e9u2y1w3w3,97,2022-12-14 21:28:00.371486,meditation found
1100,meditativeawakening,/guided-meditations/x5u0a4y3e5u2z3e5z6z6j4h9n6s3b8u2t5e0q5p1,97,2022-12-14 21:28:00.371597,meditation found
1101,meditativeawakening,/guided-meditations/u5q8x4y9x3n8y6n1h6c9w9q0e0y9c1l1b7h6t4j3,97,2022-12-14 21:28:00.371597,meditation found
1102,meditativeawakening,/guided-meditations/m5f0x1k0n9p9v5u3h0w0k5l6j2p1z5y8t3k3c6t0,97,2022-12-14 21:28:00.371597,meditation found
1103,meditativeawakening,/guided-meditations/y5a3a2j8v3n8u0s3u7w6a6p0n6d7w2d0n6a8y0l1,97,2022-12-14 21:28:00.371597,meditation found
1104,meditativeawakening,/guided-meditations/v0r6v4w1h3u2h4v3u2f7j0q9v7l5n5u7j6e1s0j7,97,2022-12-14 21:28:00.371597,meditation found
1105,meditativeawakening,/guided-meditations/r3s6m2h4w9v8z7v6p8j7l6f4a4w1f6k7z0u6m3c4,97,2022-12-14 21:28:00.371597,meditation found
1106,meditativeawakening,/guided-meditations/q1v9j9d9l0u4p0j2h5t7c4q9x9d4b7v0e7n8v4z3,97,2022-12-14 21:28:00.371597,meditation found
1107,meditativeawakening,/guided-meditations/d6w4r4t3f4u6u7w4s3w0v7x4v5v5t4v4j0u4u4v2,97,2022-12-14 21:28:00.371597,meditation found
1108,meditativeawakening,/guided-meditations/r7b8f6v3e3n5z9b2q0k1v6w1s6s0l3k3c0q8q0f8,97,2022-12-14 21:28:00.371597,meditation found
1109,meditativeawakening,/guided-meditations/e7x2a3e2d1f6d3s5c6b7a9n7k8t2c0z4j6d0j1p4,97,2022-12-14 21:28:00.378529,meditation found
1110,meditativeawakening,/guided-meditations/a8s9n3l2u3y6p3g7s4r6d8y1b3p7w2e6h9d5s7d0,97,2022-12-14 21:28:00.379543,meditation found
1111,meditativeawakening,/guided-meditations/z0n5g1w1s7u3k9k8q1j7y4e9y8f9m1q8n3v7d3x7,97,2022-12-14 21:28:00.380640,meditation found
1112,meditativeawakening,/guided-meditations/k2b6k2x1q1p7w7x2b3k7z0l7u0r6u6d9l4h9l2k2,97,2022-12-14 21:28:00.380640,meditation found
1113,meditativeawakening,/guided-meditations/u9p5v0l3r5v4y4t2g5f1m2n9t4z1y5g3g2h9m3b0,97,2022-12-14 21:28:00.381644,meditation found
1114,meditativeawakening,/guided-meditations/y0y5z1q3z8v3k5r9d7q2s0d1m0k5h0d1x4v6s1c0,97,2022-12-14 21:28:00.382546,meditation found
1115,meditativeawakening,/guided-meditations/p9a4r4u9v8w7g2l2e0c5w6d4p0f1l8s8t7f7p2j5,97,2022-12-14 21:28:00.382546,meditation found
1116,meditativeawakening,/guided-meditations/e0v3s1k6e5p5p8c1n4m2e6q6m7t8h1b1c4m1k2g3,97,2022-12-14 21:28:00.383640,meditation found
1117,meditativeawakening,/guided-meditations/b6h0k5p5y3u6m3j2h1a9r4n8m6b9h3t6w5d9m3y6,97,2022-12-14 21:28:00.384643,meditation found
1118,meditativeawakening,/guided-meditations/e3f9p7s5y2n2p3q6w1g9y8e5v7e8y6v7p4w8h8s5,97,2022-12-14 21:28:00.385543,meditation found
1119,meditativeawakening,/guided-meditations/t8l1l0r7v8l9a1e4g1d9w1v5e3h2j3j9w8n6d1j5,97,2022-12-14 21:28:00.386539,meditation found
1120,meditativeawakening,/guided-meditations/z3j2a1f9n5u2z5n7t9e2z3a6k4a6y4p6c9v2m6t0,97,2022-12-14 21:28:00.388540,meditation found
1121,meditativeawakening,/guided-meditations/s5w5m7d4s5x8p2u9m1s9v8h7r0g0a2p6l2m3b5x7,97,2022-12-14 21:28:00.389542,meditation found
1122,meditativeawakening,/guided-meditations/e6t2f2u6n7f4v7d4k3b3u6x0y1x6x3d8v6u8w2x1,97,2022-12-14 21:28:00.391638,meditation found
1123,meditativeawakening,/guided-meditations/n0d9f4r5n0w1v3r8w6y8x4h5t8s9l9f1g6l5x7k7,97,2022-12-14 21:28:00.393653,meditation found
1124,meditativeawakening,/guided-meditations/q7k0n5u5k0j6p8k8h3g3x9a3t5f2c6a1c5x6l9t2,97,2022-12-14 21:28:00.396549,meditation found
1125,meditativeawakening,/guided-meditations/y2p8y0y4l9m2j5u6m6y5y4a9v1r5b9v1x1a5g7m1,97,2022-12-14 21:28:00.399643,meditation found
1126,meditativeawakening,/guided-meditations/q8l7g2u2d5c8h6v5k0d5e6u1f0s2p2n6p1v0p1l1,97,2022-12-14 21:28:00.402628,meditation found
1127,meditativeawakening,/guided-meditations/n7t7s8n0v5b3x1r4v7u4p8j7c0z5f0r4v6b6j7d1,97,2022-12-14 21:28:00.404638,meditation found
1128,meditativeawakening,/guided-meditations/s6g2u7v1s6r9n2n4n2h8z7x1a5r6e3d5b5j1z9h6,97,2022-12-14 21:28:00.407630,meditation found
1129,meditativeawakening,/guided-meditations/z8k5y2p1b7s0s9x8v4a3t1q2p5j0u7s3d5z0f8v8,97,2022-12-14 21:28:00.410538,meditation found
1130,meditativeawakening,/guided-meditations/b8g7a0h8j9a1d3y5g7j6x5x0z1a7f3w3u6u4w8z7,97,2022-12-14 21:28:00.413236,meditation found
1131,meditativeawakening,/guided-meditations/l4m0u1z4e5k4f7m7h5n6m5g3v7s5v8g0a8p9s2n4,97,2022-12-14 21:28:00.416216,meditation found
1132,meditativeawakening,/guided-meditations/q9f6y4h9r4j6m2v2u1k2u2a4g6h8e2z5k3y5p6k0,97,2022-12-14 21:28:00.418215,meditation found
1133,meditativeawakening,/guided-meditations/r3u2e4g0h5m1p7g8d6r8y8p0b8e7a5m6t7c2r7r3,97,2022-12-14 21:28:00.421215,meditation found
1134,meditativeawakening,/guided-meditations/d0v3v3w3v9q8n3n0w6j6n7s5e8u9k8q1s6m3f9m6,97,2022-12-14 21:28:00.423214,meditation found
1135,meditativeawakening,/guided-meditations/u6y1r8y6m0f4b0d4m1c3u9t5s4k6c8n4q9v4a9v7,97,2022-12-14 21:28:00.426214,meditation found
1136,meditativeawakening,/guided-meditations/b2h8j0e0h8x3t7g5k8v5u4k9t4u2r9h3z7v7q5v9,97,2022-12-14 21:28:00.428283,meditation found
1137,meditativeawakening,/guided-meditations/y8h3v7h8u2z8m2p0c9f5y8s8f3y4g5g1q1j6u7r2,97,2022-12-14 21:28:00.428283,meditation found
1138,meditativeawakening,/guided-meditations/y5m4f8r1n9q3q6j1g8u3q7s3q5s4s4b9l1u5g9j9,97,2022-12-14 21:28:00.428283,meditation found
1139,mariana,/guided-meditations/b6e6s0d9g4p6k5h2j3l8w0b5z1j6k1d5n9b3g1r1,97,2022-12-14 21:28:22.533247,meditation found
1140,mariana,/guided-meditations/v2c1s8k9b6j7g4j2z9g4e2g3e9b8s1c1x2b7r8x3,97,2022-12-14 21:28:22.535247,meditation found
1141,mariana,/guided-meditations/c9a8b8a1u2j5p7d4r9f8v9r0r7c4f3s9a9w0c7v5,97,2022-12-14 21:28:22.536252,meditation found
1142,mariana,/guided-meditations/f6d5g7e0b5g1h2q7l0f3a4k0v1x9g7d7h2u9d8d5,97,2022-12-14 21:28:22.536252,meditation found
1143,mariana,/guided-meditations/e7r1q2m0h5b8w9p0d6p2s4y8n7t4h1r7y3t4s1p6,97,2022-12-14 21:28:22.537250,meditation found
1144,mariana,/guided-meditations/d9b5y6w1d4q8x0k5y8j0y9v3a9p7p7l8f4j7u4a3,97,2022-12-14 21:28:22.538255,meditation found
1145,mariana,/guided-meditations/b6c4z3t4y3u8v7j8e8b2s9x7a3x5k0s4a9w2x8r5,97,2022-12-14 21:28:22.539253,meditation found
1146,mariana,/guided-meditations/y9g2j0q9b2z4p0q0p3t4m5x8v9q5z6y2j8b0y5r8,97,2022-12-14 21:28:22.540232,meditation found
1147,mariana,/guided-meditations/a4g9l2h3w7c5c1j2t9v1k3c2h0g8s1j9q0j3j6j9,97,2022-12-14 21:28:22.541267,meditation found
1148,mariana,/guided-meditations/a1l8m3k1e3a6h6n3v4r1r4d5c9t8b2h5d6s6w7a0,97,2022-12-14 21:28:22.542270,meditation found
1149,mariana,/guided-meditations/p2g4f9v2v6x7b3r1y0j8s2z1e0c2g2h1e1e2v9p7,97,2022-12-14 21:28:22.543267,meditation found
1150,mariana,/guided-meditations/m6c8d5c2s0g1h7v8y8d4x8a2s6u7z7n2x6s0d7x3,97,2022-12-14 21:28:22.543267,meditation found
1151,mariana,/guided-meditations/r4h8t4v7k9e0b2p2t3w9g3e6u8t9d1z1u0x7e9t9,97,2022-12-14 21:28:22.544247,meditation found
1152,mariana,/guided-meditations/c3u7g9s8p5n9x5v7u1x2h2n8v9u2f8b1m4a4u8h3,97,2022-12-14 21:28:22.545247,meditation found
1153,mariana,/guided-meditations/t9h2e2v0b1c9f3g4p1l8u1x2d7e1d5t9a7e4v9z4,97,2022-12-14 21:28:22.546257,meditation found
1154,mariana,/guided-meditations/v4w4q0n0d0a2c3w7f6c9q5s6f0z0q5d1f4n7e8e3,97,2022-12-14 21:28:22.547247,meditation found
1155,mariana,/guided-meditations/w3s2f7f6y3c1r0k9y5q8t7b4d6x1v7s9c1q5u1p2,97,2022-12-14 21:28:22.550202,meditation found
1156,mariana,/guided-meditations/j7v8c3x5h8y5y3c0h2l4h4w9w5v5n3y4h8r8t5x1,97,2022-12-14 21:28:22.553204,meditation found
1157,mariana,/guided-meditations/t7s5y1y9p6q0d2r5k5s8j4q6n2g4r2w3h4w9e5y6,97,2022-12-14 21:28:22.556203,meditation found
1158,mariana,/guided-meditations/z1k9n9s6z3f9u8k4w5y6d1h5m7z8l1p7m6y9j4m2,97,2022-12-14 21:28:22.558348,meditation found
1159,mariana,/guided-meditations/p4s6x6b8f9j9r8r0p9x5p4q7n1z7d2n1w0d9g8g6,97,2022-12-14 21:28:22.558348,meditation found
1160,mariana,/guided-meditations/c3x2w0w5a1n0e0k5p8y9r9j4z3q6a1n7l0v6p3s2,97,2022-12-14 21:28:22.558348,meditation found
1161,mariana,/guided-meditations/f2t7r8q0v7x5s4n9s9e6g5p9e6b4u8t4a6u3q1w3,97,2022-12-14 21:28:22.558348,meditation found
1162,mariana,/guided-meditations/d8m4f4c8q3f2p1b9d6t2m5x9f2w1e5d4k9r3d6c0,97,2022-12-14 21:28:22.558348,meditation found
1163,mariana,/guided-meditations/t7m7k9m1r1a4g3q9v1y3q5u3e0g9z3l7d5m5t5v4,97,2022-12-14 21:28:22.574026,meditation found
1164,mariana,/guided-meditations/f6x4e3p8p3v0q3f2y6x1g8c4m1y4g8r1c8l3a6u9,97,2022-12-14 21:28:22.574026,meditation found
1165,mariana,/guided-meditations/b7r0n6y9d3g0h5v1q1y3t6d4x0e9y0f5e8q4v5v0,97,2022-12-14 21:28:22.574026,meditation found
1166,mariana,/guided-meditations/c6r6r8q5d7b2m9m3p5m0h5j8j7l8b0d5c5c3e5j3,97,2022-12-14 21:28:22.574026,meditation found
1167,mariana,/guided-meditations/z8r3d9e8j4n4z5k4s4p2f5c0q2u5h2x2e3h4h7y6,97,2022-12-14 21:28:22.574026,meditation found
1168,mariana,/guided-meditations/t8l0m5y9n7l0p9h2t5y3x8w2j6n2c1d1z9c5w5r4,97,2022-12-14 21:28:22.574026,meditation found
1169,mariana,/guided-meditations/t8l2e9w6z1g1m3z6m3m3n7k9x2g4c0p9y8s2q8n8,97,2022-12-14 21:28:22.589605,meditation found
1170,mariana,/guided-meditations/e6y6g3h3e5f7a8d5d8c9x8s1x2c4p5t6e3b7s4t1,97,2022-12-14 21:28:22.589605,meditation found
1171,mariana,/guided-meditations/n1v8b0h3x1r1b6k1l4l6j0q5y5r7c3y2d5x6r9r1,97,2022-12-14 21:28:22.589605,meditation found
1172,mariana,/guided-meditations/d0s0h3v9m9n8k6b8b3d2p6c4g2r7q0c1s2p9k7z1,97,2022-12-14 21:28:22.589605,meditation found
1173,mariana,/guided-meditations/t8h1z8z9u7v0e1t7x0k4y5t5r9h7v6j7n0k9j1w0,97,2022-12-14 21:28:22.589605,meditation found
1174,mariana,/guided-meditations/e5k9y5p2s2r6y2z9q0p7a7l5r8f2t9s0e8w9g4e9,97,2022-12-14 21:28:22.605229,meditation found
1175,mariana,/guided-meditations/g5v0s3p3j3r1q0a9c2h5h8n7z9b3d6t0q8l4r1n8,97,2022-12-14 21:28:22.605229,meditation found
1176,mariana,/guided-meditations/n3s6g9h9z8t1e7d5f5g1q6s2r1b4h8y0z4d2g9f5,97,2022-12-14 21:28:22.605229,meditation found
1177,mariana,/guided-meditations/q2k2v4c2p9n5s1l4z9f2j2w5s2s2b7j7v1t9b1s0,97,2022-12-14 21:28:22.605229,meditation found
1178,mariana,/guided-meditations/x9u7d7x1n4f1j0z3s9y5j0y7g8w8b4p3z3p7s0y7,97,2022-12-14 21:28:22.605229,meditation found
1179,thehumanwifi,/guided-meditations/r3q5j9r9f2z3d7m6b4k9q3w0q8l3a7t1r8f6z8e9,97,2022-12-14 21:28:45.108764,meditation found
1180,thehumanwifi,/guided-meditations/u0b5k1a6f4r4x5s0a6u0r8x7k7n0v3h0u4w5h8j6,97,2022-12-14 21:28:45.110793,meditation found
1181,thehumanwifi,/guided-meditations/r7r3u0l2c7t4x4r6e7y8s1c8z1t5c6b8y8w1q1q0,97,2022-12-14 21:28:45.110793,meditation found
1182,mathieuboldron,,97,2022-12-14 21:29:04.441090,meditations not found
1183,melaniexcooper,/guided-meditations/l5m6c7v8n5w8x9z0t1j7p6a6p2b5g2j7k7a5t6h6,97,2022-12-14 21:29:12.936957,meditation found
1184,melaniexcooper,/guided-meditations/z4v0m0w2q6p4w5l9b4h7f6h2r1c0l1s9b6y3q2h7,97,2022-12-14 21:29:12.938962,meditation found
1185,melaniexcooper,/guided-meditations/x9r3a1n8f2x8z9p3l9v1j2j3s3a2m7v4p8w6a5f8,97,2022-12-14 21:29:12.939963,meditation found
1186,melaniexcooper,/guided-meditations/k1s3s4b5s6g9d5s0e5p2y1b8y2u0j3x8g8g0d5g1,97,2022-12-14 21:29:12.940964,meditation found
1187,melaniexcooper,/guided-meditations/r5h3u0a1k0e0b6f9v3c3e5q2g2q5c6u6h0w0s0u0,97,2022-12-14 21:29:12.940964,meditation found
1188,curiousmatt,/guided-meditations/g4v4v1p4a2q8n4p2g1u2e3y4d5t2j8e7h0n7g3c7,97,2022-12-14 21:29:19.082928,meditation found
1189,curiousmatt,/guided-meditations/f7d3y6b7a7s5m4z9h6m2j4h5w1e8q6j0g4r9d9g5,97,2022-12-14 21:29:19.082928,meditation found
1190,curiousmatt,/guided-meditations/f1d4p0m1n9z2k9f8e2m1a9b4k4a6e7x0r8s2v4y1,97,2022-12-14 21:29:19.082928,meditation found
1191,curiousmatt,/guided-meditations/l0y2a1t8r4q4d6g6f8g0v6z4f7y6f6z7d0k2g2n3,97,2022-12-14 21:29:19.082928,meditation found
1192,curiousmatt,/guided-meditations/u1d7c6u3s4x5r0h8j8r5d3g1s7z9a4f7b4w4h4c0,97,2022-12-14 21:29:19.082928,meditation found
1193,curiousmatt,/guided-meditations/c8n1b5u6f2v6g1q6j1u8r3g7r3y0p4m3s3m5x0f9,97,2022-12-14 21:29:19.082928,meditation found
1194,curiousmatt,/guided-meditations/x4e9c7l1j1x2g6s5g2b9q9c6j4u5a0e6t8z1l8d6,97,2022-12-14 21:29:19.082928,meditation found
1195,curiousmatt,/guided-meditations/q4p9y6e6p1g3b1n9h6a4d8q7p2m9h0u9y3m3w2e2,97,2022-12-14 21:29:19.082928,meditation found
1196,curiousmatt,/guided-meditations/g1v4k9x6k3v6l0x5p3d6g9r8v4u2g4v3x6d5g3e5,97,2022-12-14 21:29:19.082928,meditation found
1197,curiousmatt,/guided-meditations/u4z6u7s6d4c6q0v1h6g6z2v6n0y1a5k0x2l9b1n1,97,2022-12-14 21:29:19.082928,meditation found
1198,curiousmatt,/guided-meditations/y9h4h0f5y3z1b1f2u0y9f9s2m6e5v0w5j0k4p8f8,97,2022-12-14 21:29:19.082928,meditation found
1199,mantrayogmeditation,/guided-meditations/r4q1v7d6m7t0h4c3d3g0w3e9a2c1s9w5u0d7m5e3,97,2022-12-14 21:29:41.346200,meditation found
1200,marianarocha,/guided-meditations/t0v5r4m0x7e7n0z2u9l0k1x2c4z3z4g2h8a8v4u6,97,2022-12-14 21:30:02.872653,meditation found
1201,marianarocha,/guided-meditations/f2c7t7a2h2q3v7t8q1g0w9c4l1g9n9n0g5s2s4z3,97,2022-12-14 21:30:02.874684,meditation found
1202,marianarocha,/guided-meditations/c2d6t7z4n2f8e6m7v6t8x8c7s2z5f5s8g2x1e7x6,97,2022-12-14 21:30:02.874684,meditation found
1203,marianarocha,/guided-meditations/j8v8b9g8l8m9j4f3v1m9m2q6h4g6x8g2r5a1x6p3,97,2022-12-14 21:30:02.875655,meditation found
1204,marianarocha,/guided-meditations/y1x7n4l3q3w3l6e4z0e1s6m9c0m7b5e9b7h9y1p6,97,2022-12-14 21:30:02.876649,meditation found
1205,marianarocha,/guided-meditations/c4x7a3j5z4w3u8s9b4b0p0b9q6v0g6t4w8s2z3r3,97,2022-12-14 21:30:02.877652,meditation found
1206,marianarocha,/guided-meditations/f6h6t3g6g4a6u5t4h6w0h5c7r7q3x2r7z7v1u0m3,97,2022-12-14 21:30:02.877652,meditation found
1207,marianarocha,/guided-meditations/k7b6y2q9t2p9j1l6x3p1c8q9m9m3v2k9f1u9r9n7,97,2022-12-14 21:30:02.878650,meditation found
1208,marianarocha,/guided-meditations/b6t8j5c3q0f4r8r0p4a7y9p1v6f5g3q2q1t8m0r9,97,2022-12-14 21:30:02.879653,meditation found
1209,marianarocha,/guided-meditations/y9h2h7t4s5k6f7u2c5j2k0u7f3c7f1b1x7g3c0a4,97,2022-12-14 21:30:02.880556,meditation found
1210,marianarocha,/guided-meditations/c8h9q3x0b7l0x2d8n4l6r7v8d2t6p7u6h3t6f3h3,97,2022-12-14 21:30:02.881614,meditation found
1211,marianarocha,/guided-meditations/z8e4q4w7a2j0t4r9s8n0y4y0h6f6q4c4v1a3n3t1,97,2022-12-14 21:30:02.881614,meditation found
1212,marianarocha,/guided-meditations/m6q2x8t3c5v8s4n3f7c0b3e4u7z0v4t6x1v9l1q3,97,2022-12-14 21:30:02.882615,meditation found
1213,marianarocha,/guided-meditations/b8x5s1z8k9c8v5c1m3h6n5g9c8x4d9m2j2c2u8m0,97,2022-12-14 21:30:02.883196,meditation found
1214,marianarocha,/guided-meditations/h3d6z3v8j0g5m7z3w7q4b8u4w7q0e2n8n8b7j0n1,97,2022-12-14 21:30:02.883196,meditation found
1215,marianarocha,/guided-meditations/r2t1j1e4j4k8x2a1z2q2c6t6e0n3t3g5s1b7g8c2,97,2022-12-14 21:30:02.883196,meditation found
1216,marianarocha,/guided-meditations/v9t5e0v5e3e6c0w9w5k4t0b0e9l4e4m1m7j8d7k9,97,2022-12-14 21:30:02.883196,meditation found
1217,marianarocha,/guided-meditations/q1c2v9a7c8n7z5x2j9s4h1c4a2q8t3t1k2g2j9x4,97,2022-12-14 21:30:02.883196,meditation found
1218,marianarocha,/guided-meditations/s0w4b5w8b5z6r8b3h4r7q5n6p9e4y3w4k0w2l3b3,97,2022-12-14 21:30:02.883196,meditation found
1219,marianarocha,/guided-meditations/u7g1g5c7c1j7v8r1w8s3b5h6d1m6y7g1u0q8m0b3,97,2022-12-14 21:30:02.883196,meditation found
1220,marianarocha,/guided-meditations/n6u0b4u1y7s0n2n0q6m0d2w2t9c4p4e1z6k6n2a5,97,2022-12-14 21:30:02.883196,meditation found
1221,marianarocha,/guided-meditations/v3e3r0r8h9h5k2u5y7k2e9g3b0d8l0g5v2l7e8z4,97,2022-12-14 21:30:02.883196,meditation found
1222,marianarocha,/guided-meditations/k0x4s0d6n5w8k7d9d0y1p6k1m0t2e4q4n5s6y7n3,97,2022-12-14 21:30:02.883196,meditation found
1223,marianarocha,/guided-meditations/b1v4m2v4d6l4d4b3h1g6c9z7t5k5h8g3r1x2l8h8,97,2022-12-14 21:30:02.883196,meditation found
1224,marianarocha,/guided-meditations/c4s4u6z8t3q5l4f2g3y0x2e0d4q7d1a7r7e5f6t4,97,2022-12-14 21:30:02.883196,meditation found
1225,marianarocha,/guided-meditations/c4g9q8m6f1e7y2f1s6f4s8p7q3e7x0d2m7d7k6m5,97,2022-12-14 21:30:02.883196,meditation found
1226,meditamindfulnessmexico,/guided-meditations/j5j5e5g8a5r1u2g0e9k7r9k0d9l5p0w8d1t6y7u6,97,2022-12-14 21:30:24.956702,meditation found
1227,meditamindfulnessmexico,/guided-meditations/r2p1f4n8m1p9m2p7g5x9x3u8r1v6h6j7n8f4n7u5,97,2022-12-14 21:30:24.956702,meditation found
1228,meditamindfulnessmexico,/guided-meditations/z0d5s8m3a6w3n4a4p0p5g2s5s2t4f0j1c3f1s8b2,97,2022-12-14 21:30:24.956702,meditation found
1229,novasutras,/guided-meditations/q5y1t7c6z7y4s5j9w8k4t8e9z3n3m9z4d4y3t3h8,97,2022-12-14 21:31:01.228331,meditation found
1230,novasutras,/guided-meditations/b8j6p0d3e3p2n4g0g9q1q3j4s3n9s4v5b4h0g5c4,97,2022-12-14 21:31:01.232335,meditation found
1231,novasutras,/guided-meditations/y3v1u0w0q8h8s5x2b6v1m3l2a4p9c7l6z8m2r5f1,97,2022-12-14 21:31:01.234330,meditation found
1232,martafabregas,/guided-meditations/q7m8s3d0x6t5p2n6n3p3b8z1k0t9d5f1a0m0b6e6,97,2022-12-14 21:31:07.807433,meditation found
1233,martafabregas,/guided-meditations/p9a9n4t4s1h8y9e1l9x2k7y2q2w3y4n2k8g9f1x0,97,2022-12-14 21:31:07.811444,meditation found
1234,martafabregas,/guided-meditations/w5d3x4p4y5x5j5z0k9c9f0y5w5g2y0g3z5w8k5t4,97,2022-12-14 21:31:07.812392,meditation found
1235,martafabregas,/guided-meditations/s2u0t1r0c8v6w9d2n2e0r7y9k5w0n1z1b1b8d5m0,97,2022-12-14 21:31:07.812392,meditation found
1236,martafabregas,/guided-meditations/q7v8q0g8c3v7s5r8r3j1t3j7f6g1f6u0t1k2k5t3,97,2022-12-14 21:31:07.814402,meditation found
1237,martafabregas,/guided-meditations/t6n0g4a3z4d8p4b7b3g1w9k7g3f5w9m2f8u4s9j1,97,2022-12-14 21:31:07.814402,meditation found
1238,martafabregas,/guided-meditations/k9t2k7t2x4y4e5h3d1p7s8p2l1j3w1x7w9e1a7p5,97,2022-12-14 21:31:07.815396,meditation found
1239,martafabregas,/guided-meditations/p4l6a6r9j8v5p3f0c6g7t7g0v6r1w4p0j7v4g1k0,97,2022-12-14 21:31:07.816389,meditation found
1240,martafabregas,/guided-meditations/h2s5y9d0v2u7p7x0s3s1h7g2p6z5s6d7q2q2e7q8,97,2022-12-14 21:31:07.816389,meditation found
1241,martafabregas,/guided-meditations/k8z9h7m1a0g4w5c3t4q7r3r8q4w2j8m4k7w2s1l5,97,2022-12-14 21:31:07.817433,meditation found
1242,martafabregas,/guided-meditations/e6f4q3r4x5j3c6a1u0g2y5s4a0j0f9g9z4t5v9c4,97,2022-12-14 21:31:07.818398,meditation found
1243,martafabregas,/guided-meditations/z3a4m4d0c4q2q5k1k3b8v4g5x9t8a2f1t7k8n6s6,97,2022-12-14 21:31:07.818398,meditation found
1244,martafabregas,/guided-meditations/q6u4l2f9u3s6n3n5r6p9t6v5p4q6h4v9m7r0t4n7,97,2022-12-14 21:31:07.819452,meditation found
1245,martafabregas,/guided-meditations/b8t0a7m8f8m5h6j4s0t0v3p4t6e9k6e3b5r5z1j7,97,2022-12-14 21:31:07.820420,meditation found
1246,martafabregas,/guided-meditations/w1g1p0e6z6j9x3w1q2x3s1q2z1m9x3r6b5t9a8t4,97,2022-12-14 21:31:07.821438,meditation found
1247,martafabregas,/guided-meditations/c5p6j9y0w3j6w8f7y2p2n4d4d7b7s0d0z6p1m2r5,97,2022-12-14 21:31:07.821438,meditation found
1248,martafabregas,/guided-meditations/s2r1c6k4v1c9n3c6a7y3l0k3z7k7l5u6h1h9j1q7,97,2022-12-14 21:31:07.822441,meditation found
1249,martafabregas,/guided-meditations/h2c1n1s7w7f9s8x9w2s2c1c4r7r8y9u3d1z4s2v0,97,2022-12-14 21:31:07.823457,meditation found
1250,martafabregas,/guided-meditations/j8y0m4w7s2g4a8u9d2t3w6j5v1e1j8c5b7g4e8s7,97,2022-12-14 21:31:07.824435,meditation found
1251,martafabregas,/guided-meditations/c8x4v2a0f1w0j2b4x1r0m1s4y7u1f6s3x9u6m9d2,97,2022-12-14 21:31:07.825450,meditation found
1252,martafabregas,/guided-meditations/n6j0n3q7b4f2v9e8p6e1n3d0g2h6g5y8g2s8q2h9,97,2022-12-14 21:31:07.826466,meditation found
1253,martafabregas,/guided-meditations/e0w0a8m6l0c6n2z1f1l0s2w9z2d5q9r5c7e7q0z7,97,2022-12-14 21:31:07.826466,meditation found
1254,martafabregas,/guided-meditations/k8k8e8m5n2t9h2w8j0s2v1z2w2d4a2l4x5b2s0p6,97,2022-12-14 21:31:07.827441,meditation found
1255,martafabregas,/guided-meditations/b6y5s2m3n5h4g5t4t3c0g2h6s2f7c7d5m1k2z9n4,97,2022-12-14 21:31:07.828554,meditation found
1256,martafabregas,/guided-meditations/s5r7u3m1v1a8h8h3x8b8m4h9f1c3c6l7h3y8m3e9,97,2022-12-14 21:31:07.828554,meditation found
1257,martafabregas,/guided-meditations/g1z4u6c5h4h8t0c3f2t7f6c3f6h5z7b6y2k3l3t9,97,2022-12-14 21:31:07.829549,meditation found
1258,martafabregas,/guided-meditations/b6g3v7y3v2q3u4e2t9j6h0u7s3v8g2m9t1a2u5d1,97,2022-12-14 21:31:07.832506,meditation found
1259,martafabregas,/guided-meditations/n1s1h8m8m1j9y5v9c0y8q0s1b8y0x1e3u0b8b4q8,97,2022-12-14 21:31:07.835504,meditation found
1260,martafabregas,/guided-meditations/h6z8c5u7w3p7e6m5f7p0g9a4w0h3z7l3j5h0q1x9,97,2022-12-14 21:31:07.838548,meditation found
1261,martafabregas,/guided-meditations/y8l5z7a8h6j5q0g3h8a0t5u3q3f7e6y9c9b2c4n8,97,2022-12-14 21:31:07.841509,meditation found
1262,martafabregas,/guided-meditations/x9g8j4r4u7h9e9p6r7j3f5e6w3p8n1y8b8g2x5k7,97,2022-12-14 21:31:07.845148,meditation found
1263,martafabregas,/guided-meditations/u9d5n0t3y7l1e1g8n9a3e9r9j0j4q0d2b6f2j5m9,97,2022-12-14 21:31:07.848176,meditation found
1264,memfox,/guided-meditations/g5k1h4w9m5x8c6q9n9h4c6u0m5u3c0w9p6k0d3h4,97,2022-12-14 21:31:14.202969,meditation found
1265,memfox,/guided-meditations/w2n4v8f1t1y6r1z8k0f1b4q4q5y6v0f0r8a5f2e3,97,2022-12-14 21:31:14.202969,meditation found
1266,mirabaimoon,/guided-meditations/c5c0b3g2y5d3b2c7z9b3z1n5v8f0g0m5e0l0s9k6,97,2022-12-14 21:31:20.953075,meditation found
1267,mirabaimoon,/guided-meditations/u6x3f7g8n0q1k5h1d5d3f5q9n2t7w1r8h5b8k7d7,97,2022-12-14 21:31:20.955082,meditation found
1268,mirabaimoon,/guided-meditations/m1w6d9r4x2d7s0k2c9b5a8j1u2q4q5e2r0m5s2d3,97,2022-12-14 21:31:20.956080,meditation found
1269,mirabaimoon,/guided-meditations/e0e6b9y6h9q1f2s0j1u1c4w4x2w9q9m0d2g5j9s1,97,2022-12-14 21:31:20.957074,meditation found
1270,mirabaimoon,/guided-meditations/p0s5v0v8z7w9a8u1v1v5b7d9x1m8f3e2p6j7w2j3,97,2022-12-14 21:31:20.958075,meditation found
1271,mirabaimoon,/guided-meditations/m1n0q0m4v0y9g6x2g4b6n2p4n6w2z1y4j2v6z9x5,97,2022-12-14 21:31:20.960076,meditation found
1272,mirabaimoon,/guided-meditations/x0b4x5x8j1u4k2u8y3h5h7z7a0e4c9s4m5t4d1x7,97,2022-12-14 21:31:20.961075,meditation found
1273,mirabaimoon,/guided-meditations/z0s4m7n1h7d7a2t3h3a6k1e0y8k8s9b4c9r2s3j8,97,2022-12-14 21:31:20.962077,meditation found
1274,mirabaimoon,/guided-meditations/j4e0s6d2f6k6q8d7f3c4j5g0j4f1e0b0t9k9g0u6,97,2022-12-14 21:31:20.963077,meditation found
1275,mirabaimoon,/guided-meditations/t2t5l4u9e1x9j0v5l9m3s3v3r6u2b3c9w9y9f0y2,97,2022-12-14 21:31:20.964076,meditation found
1276,mirabaimoon,/guided-meditations/x1t5j1d2m1a5g2e5t6x0m1w3v7k1g4t4z9m6v5s2,97,2022-12-14 21:31:20.965077,meditation found
1277,mirabaimoon,/guided-meditations/d1e0g3r8q1n5m2x3r1d5j0t4v1q6x5q9u0v8y8m0,97,2022-12-14 21:31:20.966077,meditation found
1278,mindfulclass,/guided-meditations/c3c5u2u3h1v6g6s0w7r4c8c1u9n6r6g0k9r5b9b1,97,2022-12-14 21:31:28.568581,meditation found
1279,mindfulclass,/guided-meditations/g9t8r5k8w8n1u5r3n7m7u5n3h4q6d1f4t4t4p7r9,97,2022-12-14 21:31:28.570577,meditation found
1280,mindfulclass,/guided-meditations/a5n9y7k1g8n5x7n9j4e3b1t5h0r1h9y0j6n1q0t5,97,2022-12-14 21:31:28.571576,meditation found
1281,mindfulclass,/guided-meditations/h1z0q7c0v9x3u2s7v9q1q4p0h7s0a3q9e9r9r0d3,97,2022-12-14 21:31:28.572579,meditation found
1282,mindfulclass,/guided-meditations/j4y2h5z5h8v1e5q8d7d5x1p5a3t1v8w4l7t0x7f5,97,2022-12-14 21:31:28.573579,meditation found
1283,mindfulclass,/guided-meditations/m6q3n3a0g1w7q8c9m8b7u6m3r6z7g9x5k7g1c3h0,97,2022-12-14 21:31:28.574578,meditation found
1284,mindfulclass,/guided-meditations/b5j2y4y2j4d8r0y8h5k2q3z6q5q6j6x6d0d8g6u2,97,2022-12-14 21:31:28.575574,meditation found
1285,mindfulclass,/guided-meditations/s0v0z1v7y8u4y2m5w3u5u6p3e9y6c1m9y0w9v1j7,97,2022-12-14 21:31:28.576577,meditation found
1286,mindfulclass,/guided-meditations/e8g9h3h8x7e1x3b1a6w9g6k5n8t0n4s5j1q1e8g4,97,2022-12-14 21:31:28.577576,meditation found
1287,mindfulclass,/guided-meditations/m1w2x8p3p5a9a3l0a8b6t2s7p0p0z6d5f8b1r1q5,97,2022-12-14 21:31:28.578577,meditation found
1288,mindfulclass,/guided-meditations/b9d2r8u2h7q7d2m8d8g4q8j5y9t5n9j4b0a4d4j5,97,2022-12-14 21:31:28.580576,meditation found
1289,mindfulclass,/guided-meditations/h9a4q1x1t7a3c8v8j4j3v8j3p9x3g9g9e3u9w1y4,97,2022-12-14 21:31:28.581575,meditation found
1290,mindfulclass,/guided-meditations/u6w5t1r0m0y9e6x7x9k4m0q2w4r7k7b1u1x0e1a9,97,2022-12-14 21:31:28.582578,meditation found
1291,mindfulclass,/guided-meditations/u2f4q1z1f5u4t5l5a6m1v0g3k9p6j8t5r8e4d5w8,97,2022-12-14 21:31:28.583577,meditation found
1292,mindfulclass,/guided-meditations/z3a4h2x2u2a3u8d4h9b1d6w3g7h1j1s3k3n0g9a2,97,2022-12-14 21:31:28.584576,meditation found
1293,marineselenee,/guided-meditations/n1g7f9y9z7h7h3d0h9b7b8f7f4h7a3u7k1a4u8y7,97,2022-12-14 21:31:35.162272,meditation found
1294,marineselenee,/guided-meditations/s2a0y1f7g8e1f3d1r0n8f3p7f3t2q8y7c0t2a0t7,97,2022-12-14 21:31:35.163283,meditation found
1295,marineselenee,/guided-meditations/e7z2q8q3z7t9d1a3h1k0x0r9n9m8k4g8t5m2p2c5,97,2022-12-14 21:31:35.165276,meditation found
1296,marineselenee,/guided-meditations/y5p3j7f3n0p5n2p8m2r1r7c2m9s4y6s1t9q1u5k1,97,2022-12-14 21:31:35.166278,meditation found
1297,marineselenee,/guided-meditations/t1y1t6x3x0c3g5x9h4w0a8r4f3w3s0y2s7r6r4e9,97,2022-12-14 21:31:35.167318,meditation found
1298,marineselenee,/guided-meditations/b9z6a3n5u6b7e0v5e3y7q0v1f5g8d1y5z9x1x3m3,97,2022-12-14 21:31:35.168272,meditation found
1299,marineselenee,/guided-meditations/u8d2w3g5s3a5h7r0l7r7c1v4k4j4e3x7w2z9w6q7,97,2022-12-14 21:31:35.169274,meditation found
1300,marineselenee,/guided-meditations/r7s2c1k8d2v2r5a3t2w8a7a3j1x5j1n2d8x4v3s5,97,2022-12-14 21:31:35.170271,meditation found
1301,marineselenee,/guided-meditations/c2d0v3j1s8m0m1y5g4q6g0z2a0w0g4z1w5j6n0y7,97,2022-12-14 21:31:35.172275,meditation found
1302,marineselenee,/guided-meditations/t8u0v3z4j7u1x3x3j1g5v5l6v3g2f0l4p3z4u5b1,97,2022-12-14 21:31:35.174275,meditation found
1303,marineselenee,/guided-meditations/p1l6h1l7a1d7m2y8b1u6a8n3e0m5e0b4r1p9q7h1,97,2022-12-14 21:31:35.176273,meditation found
1304,marineselenee,/guided-meditations/h9z6k5j1r6a9e2c7b8b0u8b7g3u1a7j3t5m4f4w8,97,2022-12-14 21:31:35.178273,meditation found
1305,marineselenee,/guided-meditations/y2f2r1c0t3g6p0b7f8b6q1a7g2t3r4d8h7a2a5v9,97,2022-12-14 21:31:35.182288,meditation found
1306,marineselenee,/guided-meditations/r4n2n0p2y9v9x4z2e5q4l7a9l7v5m6m2x5u8d3v4,97,2022-12-14 21:31:35.185270,meditation found
1307,marineselenee,/guided-meditations/v6u2s2x5h5k3f9b4y3z4s8k1r0f2d5v6t8e4b6a7,97,2022-12-14 21:31:35.188280,meditation found
1308,marineselenee,/guided-meditations/s4m1x9p6q4j3w9m8b6x2m1u2h2n3m7g1j2l6a1p5,97,2022-12-14 21:31:35.192272,meditation found
1309,marineselenee,/guided-meditations/s7x8j3a4u3m4a9s8j4v0t4x1y0n2z1n5u4j0s1d8,97,2022-12-14 21:31:35.195269,meditation found
1310,marineselenee,/guided-meditations/n4q6q3p3g4j5z3l7v1g5u6u9f6p5u2r0w3v1n0d3,97,2022-12-14 21:31:35.198269,meditation found
1311,marineselenee,/guided-meditations/q4m3k2e7d6a9q5c7j0p8t9k6u4x7n0g8p9b2v1z4,97,2022-12-14 21:31:35.201278,meditation found
1312,marineselenee,/guided-meditations/l5s9v1b1h0v0u8b2q8z1m9b0m8m4y5p7k8v4m3b6,97,2022-12-14 21:31:35.205273,meditation found
1313,marineselenee,/guided-meditations/s3z7f0a5x8z3n8a8b2p0k1x5a2x4m3m7h5q5m0r9,97,2022-12-14 21:31:35.209280,meditation found
1314,marineselenee,/guided-meditations/m6r6c9d0p8g4n1m2k1s5f8h1s2d2m3z1j4g9t6g2,97,2022-12-14 21:31:35.213316,meditation found
1315,marineselenee,/guided-meditations/g4y7w2k2z5d6d7e8m8d4h2j1v9p9e8c7s3t1d9b2,97,2022-12-14 21:31:35.216391,meditation found
1316,maureenlauergatta,/guided-meditations/a7b5b5x9h3t1v8j1m0z8c5x3d6x6t8n0y1h8r8r1,97,2022-12-14 21:31:41.375869,meditation found
1317,milinyamonet,/guided-meditations/l2h5z4f3l0t0f8s2w3g6e0b7b4e5t3q0c3e5s3z1,97,2022-12-14 21:32:05.419508,meditation found
1318,milinyamonet,/guided-meditations/y5a6p5l5r5x2g6j7n8n6y5f3f3s1c2m9a4x4n5j1,97,2022-12-14 21:32:05.419508,meditation found
1319,milinyamonet,/guided-meditations/e7d7u2y0t6g9h9h6k0s7c7a1a0a6y4j9l9s2c9x8,97,2022-12-14 21:32:05.419508,meditation found
1320,milinyamonet,/guided-meditations/e0f2b5h4k0q7n2x3m1b8a9w7j7j3t4p5r5r0m8h6,97,2022-12-14 21:32:05.419508,meditation found
1321,milinyamonet,/guided-meditations/z1b5d4c4s8n0b7j6c5t8s6s2p8y9a6c0f0p1r6k6,97,2022-12-14 21:32:05.419508,meditation found
1322,mingmoore,/guided-meditations/j5g4j0m6e5n5d5w2f1u7m5z9n7f1e7v7h4k1n4f1,97,2022-12-14 21:32:28.084963,meditation found
1323,mingmoore,/guided-meditations/z4a1u1q1d7l5c8t4k5d5v8f7n0j7v9q3t4z9s0k3,97,2022-12-14 21:32:28.086963,meditation found
1324,mingmoore,/guided-meditations/k3g2e5b7f0q5t3b4x8l7b9r6v8b6b0l1f1p4n9g0,97,2022-12-14 21:32:28.087965,meditation found
1325,mingmoore,/guided-meditations/m1b6b1u0b7v2u6n5c0a4m9j0h2s5k9f9v3w6x7t8,97,2022-12-14 21:32:28.089946,meditation found
1326,mingmoore,/guided-meditations/k0n1t7a3h2x3a8d5m1u1u8p9r6u8d3u5n5h5j1w8,97,2022-12-14 21:32:28.091947,meditation found
1327,mingmoore,/guided-meditations/v4t3a1t4u8e3e7g3t6w3x0s8s3g4g3c2a5x0b8b3,97,2022-12-14 21:32:28.092948,meditation found
1328,mingmoore,/guided-meditations/e9n4e4g8u6f5k7w8v3z5v2t6r9q0f4z1g5s1p5a9,97,2022-12-14 21:32:28.094972,meditation found
1329,mingmoore,/guided-meditations/z4w7r6a9e9j6j1c9s3q0g0k8d2a1f5y3c2n0p6m4,97,2022-12-14 21:32:28.095998,meditation found
1330,mingmoore,/guided-meditations/w3f2m6t5f0d9v9q0k6c4a9e5u2w6d7r3g7v7g9p1,97,2022-12-14 21:32:28.096966,meditation found
1331,mingmoore,/guided-meditations/p8x9x5u4c7q2n6e8u0w5j9c0z8v4q7z2g0k1h8q1,97,2022-12-14 21:32:28.097945,meditation found
1332,mingmoore,/guided-meditations/j9l4c1a0h7b2f8j6v8t2n1u3t3p5d9r8n7l5n9p2,97,2022-12-14 21:32:28.098943,meditation found
1333,mingmoore,/guided-meditations/z6b0p8k7n7g4t4g8z6f3y7x2b3f0s7v0g2q6m5v0,97,2022-12-14 21:32:28.099976,meditation found
1334,mingmoore,/guided-meditations/r9q6y6n3g6r1f0s2y6h3d2x2u6e7d8q2a0v5j7c7,97,2022-12-14 21:32:28.100941,meditation found
1335,marietaaditi,/guided-meditations/e3x2d5p2f1x6q0t5e3r2e3v6c7n2p9y9b4r0v4u1,97,2022-12-14 21:32:50.642563,meditation found
1336,marietaaditi,/guided-meditations/t3a6n9k8z8l6k4p2s6w0k8x4b5t0g8q0a3y9m6p8,97,2022-12-14 21:32:50.648561,meditation found
1337,marietaaditi,/guided-meditations/a0v3a6k2q5q4w0d5h7f0d6s7x2y7q1z3j2s1r6e4,97,2022-12-14 21:32:50.652566,meditation found
1338,marietaaditi,/guided-meditations/d1z8c4r9s7w3b7g3f2u8n5h6z0f2j4z3y7e6x5w0,97,2022-12-14 21:32:50.657563,meditation found
1339,marietaaditi,/guided-meditations/t9j8v6u6e0n8l7m9x9e2s1v1x7p0s4z5k9q4q8z1,97,2022-12-14 21:32:50.662911,meditation found
1340,marietaaditi,/guided-meditations/s2d6d6s9z9k6r6c1k5t3q3f0y2l3j9l6q5q1e2m3,97,2022-12-14 21:32:50.666908,meditation found
1341,marietaaditi,/guided-meditations/u2c5v3l0e6e4r1s0t1v3k8k1e9s8a0e1f7l3t2h9,97,2022-12-14 21:32:50.671906,meditation found
1342,marietaaditi,/guided-meditations/g8y3b1z9g4n8m1f0t4d5s9b7f6u5d6z1h1s7k7z3,97,2022-12-14 21:32:50.677908,meditation found
1343,mindfulnessworksdk,/guided-meditations/r2k7w4q8m4l6a4q2d5a3n1v9g3m2r4u8u7e7z2l0,97,2022-12-14 21:32:58.580083,meditation found
1344,mindfulnessworksdk,/guided-meditations/w3c7y3s5g3s8u3p3q4c6v3k2l0g1j9a6e6c0k5j8,97,2022-12-14 21:32:58.580083,meditation found
1345,mindfulnessworksdk,/guided-meditations/f3d4r0w1m9x0g6s6d0n2r2l2r9w9a3p9c6n0n8k2,97,2022-12-14 21:32:58.580083,meditation found
1346,mindfulnessworksdk,/guided-meditations/d3n7b0f6l5y5z0v2t6g6l9y6f5d7g8r6b0w0p9n2,97,2022-12-14 21:32:58.580083,meditation found
1347,mariaalas,/guided-meditations/g9g9h1b7g8x9f8w3k8p4u9l9y1v9a9x2j6p2h6g4,97,2022-12-14 21:33:22.446365,meditation found
1348,mariaalas,/guided-meditations/a5q6a3y4h3x3u5p8t8u8z9f1z9u8y3c5l3x7y5f3,97,2022-12-14 21:33:22.449367,meditation found
1349,mariaalas,/guided-meditations/y6r4f7c4h9x2f9r8c3s8t0x1t3n1k9r0h4x4b6j4,97,2022-12-14 21:33:22.451367,meditation found
1350,mariaalas,/guided-meditations/n9f6u2y3c2m1f2f3t9e5s1r1g3b4t6c3f7n9m9q8,97,2022-12-14 21:33:22.454348,meditation found
1351,mariaalas,/guided-meditations/k7g9b6a7z2q0c6u5b4r7h3e4p2z7r2x2z0c2x2a9,97,2022-12-14 21:33:22.457366,meditation found
1352,mariaalas,/guided-meditations/j9e6v6r9w1j5k9x0g0f8y8v5b8t0f2b5b6k5z4x7,97,2022-12-14 21:33:22.459369,meditation found
1353,mariaalas,/guided-meditations/y9q6l0t2q8z1w9a0g4m3n7h5t7j1n0a6z0p7n7a1,97,2022-12-14 21:33:22.462367,meditation found
1354,mariaalas,/guided-meditations/u2s0v2t2s5s3z7j6s5n5c4j2l9b8s2z1h4f2p7t4,97,2022-12-14 21:33:22.464365,meditation found
1355,mariaalas,/guided-meditations/q4t6h8s7f9w4m7v9h7s0l5e6n3e2u2r8m6x1e4r5,97,2022-12-14 21:33:22.467367,meditation found
1356,mariaalas,/guided-meditations/u7b3g1c9q0b8k8d9g4d0u9f3f0z6b2w3r9e8j8r7,97,2022-12-14 21:33:22.470347,meditation found
1357,mariaalas,/guided-meditations/h1k8z6q8f6a2j2r8l6h7a0n9d7z2a2g0l1c0b9w0,97,2022-12-14 21:33:22.472152,meditation found
1358,mariaalas,/guided-meditations/n6v6x1x4v4x8y9p4n2d2m3l7f7j6z4z3b1y9d2v9,97,2022-12-14 21:33:22.475152,meditation found
1359,mariaalas,/guided-meditations/a2q2m5j6g1w8s4m8j3g9g0t6q0z3q4h8e7s6y1x5,97,2022-12-14 21:33:22.478152,meditation found
1360,mariaalas,/guided-meditations/s4h5m1j3z4h1t0r4g0t5a0z1w3a1e7e8p9p3f4h6,97,2022-12-14 21:33:22.480151,meditation found
1361,mariaalas,/guided-meditations/g1f2n6g2r0f9z0j6r4n2p3x3e2z4u0c7q8f8g8u0,97,2022-12-14 21:33:22.483152,meditation found
1362,mariaalas,/guided-meditations/q6k7h6t5j5b0h3c0n0r2k2m9w1h9j6d5t7v2f8v9,97,2022-12-14 21:33:22.485152,meditation found
1363,mariaalas,/guided-meditations/x1e6f7t5t5k2r8e6x1z9b5k1h5p4h8v9r1e6k9y3,97,2022-12-14 21:33:22.488152,meditation found
1364,mariaalas,/guided-meditations/g6c0b5n3w9j5n8e3b7q4c4y9n0u9w3v3n1u4k7r9,97,2022-12-14 21:33:22.490153,meditation found
1365,mariaalas,/guided-meditations/t3z5v7x7b5g9t0d0s0g5v7t2z0z6p7y5v3n6a4m9,97,2022-12-14 21:33:22.492151,meditation found
1366,mariaalas,/guided-meditations/x6e0b0k4h5h7v8r2f2h7x3k6d7u7f3c6m3x9q4f0,97,2022-12-14 21:33:22.495152,meditation found
1367,mariaalas,/guided-meditations/d6v6c4p4r9j7e1w8h4r9z9j7x8p9f6s3g6k8y4e8,97,2022-12-14 21:33:22.498152,meditation found
1368,mariaalas,/guided-meditations/z7p1r3s3w0p9x6r5f9c1s1y7g3b0r7m0a0l4h1b8,97,2022-12-14 21:33:22.500152,meditation found
1369,mariaalas,/guided-meditations/u8k6n2e2c1q2a4m6v0z0y5b1b7f1a9d7a9p3v5b8,97,2022-12-14 21:33:22.503152,meditation found
1370,mariaalas,/guided-meditations/y6f3f4a7x4a9v6b4z0t1l6y5s7j8k7n0f7z6s1q3,97,2022-12-14 21:33:22.505153,meditation found
1371,mariaalas,/guided-meditations/c5q0w7j1c5k9k2g7h1f2p0e3q9r0q7s0p0v0k8z9,97,2022-12-14 21:33:22.508152,meditation found
1372,mariaalas,/guided-meditations/q2n0h8d0r2w7p2z8e6z1b8z0w4b6w4b7r4y5j8f8,97,2022-12-14 21:33:22.510152,meditation found
1373,mariaalas,/guided-meditations/h4s0h3b9p2h9t5n3k8z4q1x4h3y1d6u9a2x3u5h7,97,2022-12-14 21:33:22.512151,meditation found
1374,mariaalas,/guided-meditations/k5l9f5e7w9r8c2v0f4l1k3u0y5c1j9l8w9a4b6t3,97,2022-12-14 21:33:22.515155,meditation found
1375,mariaalas,/guided-meditations/q7n1g9z0u0r9u4p4r3y7s5f8w5b7m6y3u9c2x6m3,97,2022-12-14 21:33:22.517153,meditation found
1376,mariaalas,/guided-meditations/v4d6z8q6y4a3v0e0u4g8m9b7k8j2p6c3u7b6q6t2,97,2022-12-14 21:33:22.520157,meditation found
1377,mariaalas,/guided-meditations/f4z9s3h7g4f4u3p9q6k6y4h5e1x2v2h1t2d2g1g0,97,2022-12-14 21:33:22.522155,meditation found
1378,mariaalas,/guided-meditations/e6f6u0s7n2w6g4e0g7d3f1g2x2e8z3k5n5r7l9x5,97,2022-12-14 21:33:22.524155,meditation found
1379,mariaalas,/guided-meditations/q8t7x9k2r4w0z7m7w6f9l8j5y2b8t8f0e1m1t4s8,97,2022-12-14 21:33:22.527151,meditation found
1380,mariaalas,/guided-meditations/d0z2z9y3l7r6a7w0m7h9e0j8l5a7z1v8x1s4f0g0,97,2022-12-14 21:33:22.529152,meditation found
1381,mariaalas,/guided-meditations/r8b5k7h6g5p5v2c3y5u7s8a3f1k6t5r9r7w4w2r0,97,2022-12-14 21:33:22.532152,meditation found
1382,mariaalas,/guided-meditations/g7e5y2y5x2j0a6j7f5h1r6t3l0h9p7g6y4b0f4p6,97,2022-12-14 21:33:22.534151,meditation found
1383,mariaalas,/guided-meditations/s6e7l6w1r8c6s2e0v3v7f3x2h3w4c7x8w5z5c9m6,97,2022-12-14 21:33:22.537167,meditation found
1384,mariaalas,/guided-meditations/q9m2x6u1k2m7m5j4u4y3n3f1m1k2t4s7h9r0p5k6,97,2022-12-14 21:33:22.540163,meditation found
1385,mariaalas,/guided-meditations/s4y8h2y6a0x5l1g2v1j6v9w0v5t7z9a8e4k5r5z4,97,2022-12-14 21:33:22.543158,meditation found
1386,mariaalas,/guided-meditations/b0b1m5p8p1p2c3k6f0k7x6z4a4j5v7j0r4y2n7g2,97,2022-12-14 21:33:22.545160,meditation found
1387,mariaalas,/guided-meditations/u6e3h4h5b2s7f9h2b7t3m4d1z0u7b8w3d0b5p0c7,97,2022-12-14 21:33:22.548159,meditation found
1388,mariaalas,/guided-meditations/r0b7a1r8z8e4s2j7y3z8c5d5v0e5q9z9z2w3s5d8,97,2022-12-14 21:33:22.551155,meditation found
1389,mariaalas,/guided-meditations/m4p1p0s6k6y1t6r0b0f8z6t4w3f0j5x2n3x5m0t7,97,2022-12-14 21:33:22.555155,meditation found
1390,mariaalas,/guided-meditations/d9v8g1m1g6m1s6v9p1r3c8p7k5g8v3w9t8h0a4d4,97,2022-12-14 21:33:22.557155,meditation found
1391,mariaalas,/guided-meditations/m2g3h7j2w7j0m2h0q5d0g5m4j3x9p2g2m1x1q9l4,97,2022-12-14 21:33:22.560158,meditation found
1392,mariaalas,/guided-meditations/p1u6r3q1x4v9y6m9t8c6v6x4q0f8b6s4f5p8h3p8,97,2022-12-14 21:33:22.562157,meditation found
1393,mariaalas,/guided-meditations/a6a0c4v9l1d3c5z3d1n3a9v6h6g1d1t6m2d3y7s2,97,2022-12-14 21:33:22.565164,meditation found
1394,mariaalas,/guided-meditations/z9p8h3n8d9q5f4s2u9n0b9p2x9f2j3p8e7m8n4s2,97,2022-12-14 21:33:22.568156,meditation found
1395,mariaalas,/guided-meditations/m8m9a5q9s5m4p0k4s6r7t2l3a3a3n3v9f0r6c4q2,97,2022-12-14 21:33:22.570161,meditation found
1396,mariaalas,/guided-meditations/n4b0b2v8t8g0t1s6v8u8g1k9u9g4v2y9g6p9q7e5,97,2022-12-14 21:33:22.573154,meditation found
1397,mariaalas,/guided-meditations/h5h6u6g8a5u8y4n8x3s0t9y4v3s4l6p3h6p2h1h3,97,2022-12-14 21:33:22.575152,meditation found
1398,mariaalas,/guided-meditations/v7s2z9q7e2n7q6n4k8f7f8c3a3s0u1h3t6l2d3y2,97,2022-12-14 21:33:22.578153,meditation found
1399,mariaalas,/guided-meditations/q8x3s8l6y5p8z6f8k3e9j2g6y0e0q3y8h6e1z7t6,97,2022-12-14 21:33:22.580160,meditation found
1400,mariaalas,/guided-meditations/r7q4b9x8b1z3f6x5b4n3t4f1l5n6r8q5w0u0d5d7,97,2022-12-14 21:33:22.582153,meditation found
1401,mariaalas,/guided-meditations/y0v0b6f2q4v5d0c6v2y7c1h4f3q1d4m6l5s8u8q0,97,2022-12-14 21:33:22.585158,meditation found
1402,mariaalas,/guided-meditations/s4e8b5l1c6j1z0c8j2b5w4q1a5m7b0w6n3u6v7p6,97,2022-12-14 21:33:22.587156,meditation found
1403,mariaalas,/guided-meditations/w3q3f0f8x2k0k6k4h2f0s8n2n6m4p2p7u6n3v4a8,97,2022-12-14 21:33:22.590152,meditation found
1404,mariaalas,/guided-meditations/e5n1v4g4v2m5d9l8h5t5u4u3e7h2h0p7n3e7s3e8,97,2022-12-14 21:33:22.592153,meditation found
1405,mariaalas,/guided-meditations/c0d4y4m6u6j9k8m7t4z1t2e4x2n0f9b7y9s6u1g2,97,2022-12-14 21:33:22.594158,meditation found
1406,mariaalas,/guided-meditations/y0m2y7n8q2e1c5v1h8s6v8v6k7x0m2k8v0u0q9c0,97,2022-12-14 21:33:22.597153,meditation found
1407,mariaalas,/guided-meditations/r5w0r6a9r3p0x8n5m3n3c1f4q0t2f3w4k4r0r3s2,97,2022-12-14 21:33:22.599152,meditation found
1408,mariaalas,/guided-meditations/q9q4f1e7l0q0s7a4d4y2c1c9m1f9n9h7m2u8g3b0,97,2022-12-14 21:33:22.602153,meditation found
1409,mariaalas,/guided-meditations/e2g9z2n8p1j6r4q9k1b8q6h2u3j8h6m8j2p9f5s9,97,2022-12-14 21:33:22.604156,meditation found
1410,mariaalas,/guided-meditations/k1q6g5b2u1l3b9n9a0b8g5e5w7j0u0v1v7f8w1j6,97,2022-12-14 21:33:22.606154,meditation found
1411,mariaalas,/guided-meditations/g3n7b9f0k9q0a2c3d2a3y5v5p9q2p7b3c4m5p3t9,97,2022-12-14 21:33:22.608157,meditation found
1412,mariaalas,/guided-meditations/q8l4d2c3h1a8g6m8y4v2m5t3n4j4e6x0a3s5a7k1,97,2022-12-14 21:33:22.611152,meditation found
1413,mariaalas,/guided-meditations/g6q9n1n2r9l7k0e0z5z8j0e9s1b0g6t4f1m6x2g0,97,2022-12-14 21:33:22.614152,meditation found
1414,mariaalas,/guided-meditations/z8b5v0d8w6m7b7w0g2m9f8y9w5b5j1w7s2j2n2u4,97,2022-12-14 21:33:22.617152,meditation found
1415,mariaalas,/guided-meditations/k9e0c8n1a6h8g5d2h4v5y1u9x1p7c2v7q4a1j7r4,97,2022-12-14 21:33:22.619151,meditation found
1416,mariaalas,/guided-meditations/y5d6s7b5p0e6a4z8a0v7d2y3e6w1u4x3n2g1p1z4,97,2022-12-14 21:33:22.622153,meditation found
1417,mariaalas,/guided-meditations/b7c7a2d9m2c0a0f2p2z9b9z6c2y6k4c2e7q6l8l6,97,2022-12-14 21:33:22.624155,meditation found
1418,mariaalas,/guided-meditations/h5c4s4f2p2h1a6f8s6g0u0v1r6d7d9m5d0n6b8r5,97,2022-12-14 21:33:22.626155,meditation found
1419,mariaalas,/guided-meditations/y2b2f8d2a2m8f2u7j6n8x4s2t1r4y5t7k9e3b8s7,97,2022-12-14 21:33:22.629154,meditation found
1420,mariaalas,/guided-meditations/v1f8j4s3p7r9c7s2s5z4l0d8z8m8q2g3a4s9w3p7,97,2022-12-14 21:33:22.631155,meditation found
1421,mariaalas,/guided-meditations/a4t1j9b2h1t7r4f7q0t2j4f6k4p9d8b4w7e3r2a5,97,2022-12-14 21:33:22.634152,meditation found
1422,mariaalas,/guided-meditations/d1s7q5r4p7y6x0d1v2l3e5r6u6m1r6b7n5m8e8k6,97,2022-12-14 21:33:22.636452,meditation found
1423,mariaalas,/guided-meditations/e2a2h9t0z9n2x1p1a4a3c3v1c4z7f8h2y3b8b3a7,97,2022-12-14 21:33:22.638456,meditation found
1424,mariaalas,/guided-meditations/p9l4b6a9g0w0m9d0m1r5e6t1c5m9a0b7k8a5q2z7,97,2022-12-14 21:33:22.640455,meditation found
1425,mariaalas,/guided-meditations/s4d8k1m7k1z3m2k8l8f2h6c9c0d1n9e9f7f9c8n6,97,2022-12-14 21:33:22.642453,meditation found
1426,mariaalas,/guided-meditations/c3r5v6m7n3k9x0a7y6h9g1y7n7m1x3x1q3q9y7e0,97,2022-12-14 21:33:22.645458,meditation found
1427,mariaalas,/guided-meditations/n0v8g5q9d7j9h9z6z2z8x6h8e5m3d5k3w2k4z3t4,97,2022-12-14 21:33:22.647462,meditation found
1428,mariaalas,/guided-meditations/s8x9j9v3x6f3k1k4c1t7y8f1a0v2a6b5g2r4x7y1,97,2022-12-14 21:33:22.656458,meditation found
1429,mariaalas,/guided-meditations/v8x6a4x3x8m6c0h5d0e9n6b4k7e5z5m1a6y8t6m5,97,2022-12-14 21:33:22.658457,meditation found
1430,mariaalas,/guided-meditations/r0v7a0d2e4d4w5c6h8f8h4q0j2k0j8k1z5q0v7f9,97,2022-12-14 21:33:22.660457,meditation found
1431,mariaalas,/guided-meditations/r1e2d4s2q5h6h4e6f1t7s1y6s1x0v5x0b9b0x1b0,97,2022-12-14 21:33:22.662456,meditation found
1432,mariaalas,/guided-meditations/g5l5x2d6q5t9f3g7j3n3x0k2m7g1k1y4g9g7r1r1,97,2022-12-14 21:33:22.665472,meditation found
1433,mariaalas,/guided-meditations/j0g6t2t5s7f0f5p5f6y7t5p3b9r0v1b3b2v8n9x6,97,2022-12-14 21:33:22.668457,meditation found
1434,mariaalas,/guided-meditations/j3h0d1z4l4c5c7f8a5n3t0v3w5c6m9w4v8q6l9d7,97,2022-12-14 21:33:22.671456,meditation found
1435,mariaalas,/guided-meditations/b0z0w2u0w0t2t3a8p1h2a0t5u4n2k8e4r9u3f5m5,97,2022-12-14 21:33:22.673457,meditation found
1436,mariaalas,/guided-meditations/m8n8d0z7c7k0r2q2e5y4y9y6w8z9t4d2t9c2j1c2,97,2022-12-14 21:33:22.675457,meditation found
1437,mariaalas,/guided-meditations/m8n8d0z7c7k0r2q2e5y4y9y6w8z9t4d2t9c2j1c2,97,2022-12-14 21:33:22.676458,meditation found
1438,mariaalas,/guided-meditations/m4s2u4w1j5r2n4y9d4v7m9e7y4u7v6v9q6f4e6q4,97,2022-12-14 21:33:22.679459,meditation found
1439,mariaalas,/guided-meditations/d0d0x4d8e8f5g9w8b0j9c8u6n9r8p5c6u0w2u4h5,97,2022-12-14 21:33:22.681458,meditation found
1440,mariaalas,/guided-meditations/f8z2f2l3s8n3p4c3x2b1v9d5x6k3b1z6e3d9v9b4,97,2022-12-14 21:33:22.683457,meditation found
1441,marieolaughlin,/guided-meditations/d3m0p2p5n8b9g4s9u5x3b5j6u0l7c7t8g5y8s5j3,97,2022-12-14 21:33:51.046164,meditation found
1442,marieolaughlin,/guided-meditations/m2g8n3h7m0h6b8n1k2g8j9p6k3a3m4w2u9q8u2r7,97,2022-12-14 21:33:51.046164,meditation found
1443,marieolaughlin,/guided-meditations/p9p5d8e0z9t7u0p0x3n3s1u9l9b7d8w1n8d2q6j0,97,2022-12-14 21:33:51.046164,meditation found
1444,marieolaughlin,/guided-meditations/w4c6m4g6b6w0l9a6t0s2p6z2d2l2u6z5u7r0d7k6,97,2022-12-14 21:33:51.046164,meditation found
1445,andreaporcu,/guided-meditations/u7s1m7r1u9x8x3p3t1a2v1c5h9a4z6e2q1p5x7t4,97,2022-12-14 21:33:56.951037,meditation found
1446,andreaporcu,/guided-meditations/x5t0v7e8w3e3v7p3q1b4g7j5c1k7j6e9d5j7e4l2,97,2022-12-14 21:33:56.951037,meditation found
1447,andreaporcu,/guided-meditations/r0m0g1j8j6r5z4x0q3u0w3f8t2y9j1n7t0v3w6l8,97,2022-12-14 21:33:56.951037,meditation found
1448,andreaporcu,/guided-meditations/h1l8t8y3b9j3f3a7w7n3x1e7j8j5t2n3q6n4k6t5,97,2022-12-14 21:33:56.951037,meditation found
1449,andreaporcu,/guided-meditations/t8y0c8k2j1x1r8x5t4n7h7v6n9x4x6p2n0u6z1y1,97,2022-12-14 21:33:56.951037,meditation found
1450,andreaporcu,/guided-meditations/a2r0r2j3c3z0g6f4e6a4l5x4q8v9p6k7w4y2h4y3,97,2022-12-14 21:33:56.951037,meditation found
1451,andreaporcu,/guided-meditations/v7z2y1p1t2w1t2t9e8q0p6s9e3p8r0f9n6x5h2k7,97,2022-12-14 21:33:56.951037,meditation found
1452,michellebaker,/guided-meditations/q5y1n8l3p8u2x0q5u6a3p8k0u4w2w1n8m0v8b1r3,97,2022-12-14 21:34:18.927250,meditation found
1453,michellebaker,/guided-meditations/a3z9j2g5e4s3d8m9r9z5r7z7u0f2u9s4q8m7g6x3,97,2022-12-14 21:34:18.929208,meditation found
1454,michellebaker,/guided-meditations/p8f4x6s3g2j5s8w2k6q7j8n5p9x9c3v6g3r3e5a1,97,2022-12-14 21:34:18.930254,meditation found
1455,michellebaker,/guided-meditations/u5y1v1j4a5n1h9p2c0w6p7y2l2z5a3z9d4h3b8r6,97,2022-12-14 21:34:18.930254,meditation found
1456,michellebaker,/guided-meditations/w6j4s5w0k5x6d2q8f0x4u1t7z2s7m2e4p1b4u1d2,97,2022-12-14 21:34:18.931254,meditation found
1457,michellebaker,/guided-meditations/f5b4b3w3n8q2a1r5d2l9k7v3u7n6e3q7z7s4y4c5,97,2022-12-14 21:34:18.932206,meditation found
1458,martaotaduyyoga,/guided-meditations/t3p0f1q8d8k9d6q1k9a4b2s9f4b4u6b3l7d0w2k3,97,2022-12-14 21:34:41.294095,meditation found
1459,martaotaduyyoga,/guided-meditations/c2n1c2q8s7t4v9p2v8b0h9y7h0l1r9q8g7p1t9a9,97,2022-12-14 21:34:41.294095,meditation found
1460,martaotaduyyoga,/guided-meditations/u3s2q4m4q8f8h8c8g4u1a6c2w0g1h8n7a6q3m2e5,97,2022-12-14 21:34:41.294095,meditation found
1461,martaotaduyyoga,/guided-meditations/m6k6n8w5t9u6q7k9t9m3j2p2v8c5m3b3u1n7j7e0,97,2022-12-14 21:34:41.294095,meditation found
1462,martaotaduyyoga,/guided-meditations/z2y9j9t9t0q4m1v1z5u8z4d2h4d1x9z1w2k3y0n0,97,2022-12-14 21:34:41.294095,meditation found
1463,martaotaduyyoga,/guided-meditations/n3q5h5x2k2l1f6v7a4h4a7g4z0x3t6g3n6b2j3r2,97,2022-12-14 21:34:41.294095,meditation found
1464,martaotaduyyoga,/guided-meditations/g4f1s4r5t5m9h4n8j6w5q1z2x4k4b1h1s6s5x6r5,97,2022-12-14 21:34:41.294095,meditation found
1465,martaotaduyyoga,/guided-meditations/z8u8g8g0c4m4j5n4d2g6t0c7l3e0n8m4z9d6q0m6,97,2022-12-14 21:34:41.294095,meditation found
1466,martaotaduyyoga,/guided-meditations/y7m2y4m5x8t4d4k6b8d9w2y9y9h0g2q4v5t6r7l2,97,2022-12-14 21:34:41.294095,meditation found
1467,martaotaduyyoga,/guided-meditations/f0c4j1v1q7d6m9r7w5z6k4t5x4y3x7r3c5m3e7c6,97,2022-12-14 21:34:41.294095,meditation found
1468,martaotaduyyoga,/guided-meditations/y6t7d6b4y4y4b9x4y7t4q0n4f9d7m7z2u0h9j1b5,97,2022-12-14 21:34:41.294095,meditation found
1469,martaotaduyyoga,/guided-meditations/t2a9a4d3t7d5e3y2z3f9e4n5f6g5t1r7t9w4v6j2,97,2022-12-14 21:34:41.294095,meditation found
1470,martaotaduyyoga,/guided-meditations/c0a0v7y1m5c0z9e2s0f4w9g8v0d6z0h8b8x9d3q0,97,2022-12-14 21:34:41.309715,meditation found
1471,marcelcantoni,/guided-meditations/m8q6k8l3d4d9a4s4u2l7f0w2j4a2y4l0r0t9p6q1,97,2022-12-14 21:35:03.612630,meditation found
1472,marcelcantoni,/guided-meditations/t5g9n7d7h0q5g7z6n5r0d6s8f0g4f1r8r4g8f5z5,97,2022-12-14 21:35:03.612630,meditation found
1473,marcelcantoni,/guided-meditations/j2p8c3v0u9q1s9k8h1d6a7v9t2l3u4g4l1h6t0u0,97,2022-12-14 21:35:03.612630,meditation found
1474,marcelcantoni,/guided-meditations/n1l1q3s1a0b5b6m9x5h5e6l1m7z5r1u8x5y9c9l8,97,2022-12-14 21:35:03.612630,meditation found
1475,marcelcantoni,/guided-meditations/g3r5c9b6e7r0s9c8f9z4b0a8a5r1m4x1n0g8x2p9,97,2022-12-14 21:35:03.612630,meditation found
1476,mbratt,/guided-meditations/a6j7u9p1p8p7m8x7r4s0k5s5b8h9l2e7x8q8g3t7,97,2022-12-14 21:35:25.519195,meditation found
1477,mbratt,/guided-meditations/c0y5h0t0l6u5k9v0p8w3n4h7u9d6z9s7k6a1e8m4,97,2022-12-14 21:35:25.519195,meditation found
1478,mbratt,/guided-meditations/v4f7g3v5x9m3e9v8r1k3x9y3k7e9g2r1v5f7r1u6,97,2022-12-14 21:35:25.519195,meditation found
1479,mbratt,/guided-meditations/v4v3j2c5l6n5u8c7q9s7g0v9q2u6l1n4e1v8t3k9,97,2022-12-14 21:35:25.519195,meditation found
1480,mbratt,/guided-meditations/z0h9x4m2t0j2k8e1n8r8c2u2c7z4t2w0v6w3g0t0,97,2022-12-14 21:35:25.519195,meditation found
1481,mbratt,/guided-meditations/e6j1z0h8b1p3c3x1c8a7q8s5e8t9j6p0p1a3g8m8,97,2022-12-14 21:35:25.519195,meditation found
1482,mbratt,/guided-meditations/l5e6w5q3k2s4j2f6z2l6x3k5h3v6h8q0n5b5n3q1,97,2022-12-14 21:35:25.519195,meditation found
1483,mbratt,/guided-meditations/j7f9l5p2g3r4h0z4c6b8u0m3u1q2f0u5f5y8r8h4,97,2022-12-14 21:35:25.519195,meditation found
1484,mbratt,/guided-meditations/w5k4y3z2j5y4a0l5n6k4k5e9w6u9h4e1x4d4f3a0,97,2022-12-14 21:35:25.519195,meditation found
1485,mbratt,/guided-meditations/n2p2e9n4f9d3a4p3g3q0x0v7r2g8k3v0y6b1u5j5,97,2022-12-14 21:35:25.519195,meditation found
1486,mbratt,/guided-meditations/a3f8a1j2u9z6w5r3b4f2d0n4p7v9z3k4v0x5g7r1,97,2022-12-14 21:35:25.534817,meditation found
1487,mbratt,/guided-meditations/p8s4s7s5a4v3e2e3r0u0r4c2n4y9x0b2s7y8r6a6,97,2022-12-14 21:35:25.534817,meditation found
1488,mbratt,/guided-meditations/z0w2g2m3n8m4b4s4v7m3y4t1h6z2v0a7y4r1v8r0,97,2022-12-14 21:35:25.534817,meditation found
1489,mbratt,/guided-meditations/b6f5z4e2v9q2g6f5x8u0b5w2d2r3h8a0v3r2b8m9,97,2022-12-14 21:35:25.534817,meditation found
1490,mbratt,/guided-meditations/n2k1f6f5q6a9a7z3d4d5n1f2u1x9y5m9b7f0w7g2,97,2022-12-14 21:35:25.534817,meditation found
1491,mbratt,/guided-meditations/j0y7s0s0m5f3p9w0q6s0y1z2x4v6b0d9a5p4e9r9,97,2022-12-14 21:35:25.534817,meditation found
1492,mbratt,/guided-meditations/n2d0b3z6y7x2k3y5v7m4p0d1e8f5n3g6e8x6e4j6,97,2022-12-14 21:35:25.534817,meditation found
1493,mbratt,/guided-meditations/v4w4y3n7n6d0x1s1s3q6n7b5c9k8b6k0x3w7j1x5,97,2022-12-14 21:35:25.534817,meditation found
1494,mbratt,/guided-meditations/k2s1f3e7m6f1k5n4r3z3m0f2s2u9k8k9h2x6m9k8,97,2022-12-14 21:35:25.534817,meditation found
1495,mbratt,/guided-meditations/n5l8s0r8g8f3e8q2y1f6s4j8v1a2f0u6k1u3d8m5,97,2022-12-14 21:35:25.534817,meditation found
1496,mbratt,/guided-meditations/n7v0z2a0k6n4a2y6n6e9q3j4u8n4e3w7k7q3x5v0,97,2022-12-14 21:35:25.534817,meditation found
1497,mbratt,/guided-meditations/l7e4d0s9y2h0m5p3c8n4u1e5y7a8m3b5r5s7c9d0,97,2022-12-14 21:35:25.534817,meditation found
1498,mirandamacpherson,/guided-meditations/l7n0c5j9d8g4r9m8z5x1r4s5s2d5d3z7u7y8c6m3,97,2022-12-14 21:35:47.881062,meditation found
1499,mirandamacpherson,/guided-meditations/f2m9q7z6u9r2t9y6h0v7r1z1u8s5b5l5h6l0s8p5,97,2022-12-14 21:35:47.883064,meditation found
1500,mirandamacpherson,/guided-meditations/k9c9d7b3h6n6j7s3d2u0r8b1y3a6k3g9v1g5w5w1,97,2022-12-14 21:35:47.884062,meditation found
1501,mirandamacpherson,/guided-meditations/f1m9q2n6t6z4x8b1j6k3f6j2a9n3k6q4v3g2h0d9,97,2022-12-14 21:35:47.885062,meditation found
1502,mirandamacpherson,/guided-meditations/r9h3a6w8f2b1n6x1u8b0u3v1w9c3h1w6z2w5t1v9,97,2022-12-14 21:35:47.886061,meditation found
1503,mirandamacpherson,/guided-meditations/h1r0h2j2k3a8v2x2m5s2s0g1h6a4y9k9q9r9q7u2,97,2022-12-14 21:35:47.887065,meditation found
1504,mirandamacpherson,/guided-meditations/k2k6f0p8e9k3a5b8m3w7e3y5j0w4f5z2p2s1f9n2,97,2022-12-14 21:35:47.888066,meditation found
1505,mirandamacpherson,/guided-meditations/p4q5n3s7x5h5j5v4a2n8j1c2m2k6u3j5g0m2h7k1,97,2022-12-14 21:35:47.888066,meditation found
1506,mayurkatariya,/guided-meditations/k8e1r4v5r3p7w5c2e2v8l4y2s4r1l6d5v9r7c5d4,97,2022-12-14 21:36:09.829821,meditation found
1507,mayurkatariya,/guided-meditations/p6c6e6d9c9j6r7w4f3h1n6j2c5t6w5l6m5m5z8u8,97,2022-12-14 21:36:09.829821,meditation found
1508,mayurkatariya,/guided-meditations/h4j4w5f6j3d2e1d8e4b2u7d7y3q1f8k5d5n4r1v4,97,2022-12-14 21:36:09.829821,meditation found
1509,mayurkatariya,/guided-meditations/x6d6z5h0q4k1n8m6u3j5g1p8f7p4y0f1x2j9q1k0,97,2022-12-14 21:36:09.829821,meditation found
1510,mayurkatariya,/guided-meditations/x0q3b6e7w1z6l2v2f1w4c7c0g2q2f8m5e3s0x0b7,97,2022-12-14 21:36:09.845571,meditation found
1511,marumutti,/guided-meditations/r7s2b7w4b7b4m8b8t6p0y8q0q9k3r2q8w1x2a5y3,97,2022-12-14 21:36:31.302851,meditation found
1512,marumutti,/guided-meditations/t6y3t9n2f4y0v7e0f7j6n7r6h3f5g6t4a2u4z1b0,97,2022-12-14 21:36:31.302851,meditation found
1513,marumutti,/guided-meditations/g9d7z4g3e2k4a4k5b5f2x6t3k0z7c5u9u7f3c2u9,97,2022-12-14 21:36:31.302851,meditation found
1514,marumutti,/guided-meditations/s7x6j2c2s9u1a2f4m8c8b8q5w9k7h9t1w5y5p0x5,97,2022-12-14 21:36:31.302851,meditation found
1515,marumutti,/guided-meditations/f2s8n8r8n3u2g9x1j8w9g8b8q1m1q6e7e7x7j3j5,97,2022-12-14 21:36:31.302851,meditation found
1516,marumutti,/guided-meditations/t2z3e9u1w2d9s3k7p8u0j4n6j8w2x2u7t5r9x1a2,97,2022-12-14 21:36:31.302851,meditation found
1517,marumutti,/guided-meditations/s5z5d0b8w9h1f8e8w1c3d3w5f3n4m5g5n8f9z3b4,97,2022-12-14 21:36:31.302851,meditation found
1518,marumutti,/guided-meditations/f9n6q0u7c8b7e0q5h8j7w8q1w4y7t9n8y9v1k6e5,97,2022-12-14 21:36:31.318485,meditation found
1519,marumutti,/guided-meditations/y0t2q0m9m5h0r3a3n6h6f0v6m2g9g1w2y4f3q3u7,97,2022-12-14 21:36:31.318485,meditation found
1520,marumutti,/guided-meditations/u4r8a0k2q5r1q9g0g2a3w0d0m1m2y9m2w3s9c3s3,97,2022-12-14 21:36:31.318485,meditation found
1521,marumutti,/guided-meditations/r7f3b3r9l3m9s6n2p7c1c9f0r4g7y7w5p2z1s6n7,97,2022-12-14 21:36:31.318485,meditation found
1522,marumutti,/guided-meditations/g0d1g6m6h5j8z6m2z6g7q5g7r2h4c1a8f9c5d0u5,97,2022-12-14 21:36:31.318485,meditation found
1523,marumutti,/guided-meditations/k6x2y5k0w5b1p4f6a6q0h7z1j1t9k3n5q5p8t2e7,97,2022-12-14 21:36:31.318485,meditation found
1524,marumutti,/guided-meditations/s2v1j7k6b1c7s4a3b4b9z3e9y5p3c5b8b9q2g4z3,97,2022-12-14 21:36:31.318485,meditation found
1525,marumutti,/guided-meditations/l0n0x6p7p4d7r8v2w8c2v8f2h4c7s8v2w7k6v9b4,97,2022-12-14 21:36:31.318485,meditation found
1526,marumutti,/guided-meditations/e3c5a9a4r8q7f3x0v3x0t9q8d8u8d0w1s0z4u3z1,97,2022-12-14 21:36:31.318485,meditation found
1527,marumutti,/guided-meditations/m1n7j2x9x9w8v9r0p6y2f6v2k3b5q9j2n9k4u1d2,97,2022-12-14 21:36:31.318485,meditation found
1528,marumutti,/guided-meditations/s1h3z0g7f1p5h4a7s2r6q1e0h8r1s2s8c9s6q2n2,97,2022-12-14 21:36:31.318485,meditation found
1529,marumutti,/guided-meditations/m5p9v6b7c6m2a5z3r8w6u3w0q5k9v2k0p6w9e2l7,97,2022-12-14 21:36:31.318485,meditation found
1530,marumutti,/guided-meditations/m1e7d6h7e2v9w8a5x5r2q6s1b2n9a3r5b9e0h1x5,97,2022-12-14 21:36:31.318485,meditation found
1531,marumutti,/guided-meditations/m8d9m4h3r8j2v9w0k1q7d5u8n8z5a5p9s4s1g3l5,97,2022-12-14 21:36:31.318485,meditation found
1532,marumutti,/guided-meditations/c0e2f2j5n2g5m9z5e2s4c1d3n8e8m4a6d2d9t1r0,97,2022-12-14 21:36:31.318485,meditation found
1533,marumutti,/guided-meditations/x4v8v2z2a3q7h4f5e9j1u0n5t9f9h0g0a1u7l0u4,97,2022-12-14 21:36:31.318485,meditation found
1534,marumutti,/guided-meditations/t8y9x2f0y7t4s9g3x0y9l5e5d5m8k5j0w9c2a1t1,97,2022-12-14 21:36:31.318485,meditation found
1535,marcocattaneo,/guided-meditations/y3b0w5d6q8d8a7l6z3k3d7n7b8f7m0q3e1n9u0p2,97,2022-12-14 21:37:30.820320,meditation found
1536,marcocattaneo,/guided-meditations/q0h8d4z5u3p1h7n9g7u6u2f3c4x3n3s9z9q2h9v8,97,2022-12-14 21:37:30.820320,meditation found
1537,marcocattaneo,/guided-meditations/s8v3r0n3c5m6k6s5s0x0t3j4u6f2v3n4h5a5a1a0,97,2022-12-14 21:37:30.820320,meditation found
1538,marcocattaneo,/guided-meditations/n0p0p8r2k9d3f5l6n4m4w9a7a8c6u6v6y6t9t3j7,97,2022-12-14 21:37:30.820320,meditation found
1539,marcocattaneo,/guided-meditations/w4j6v7e8s3x8q3y6y4j6v8r4t8c0y9h6y8k1r9x7,97,2022-12-14 21:37:30.820320,meditation found
1540,marcocattaneo,/guided-meditations/h2k0m7a8y9m1j4d6v8n7j1u3l2t1q0z1d9m3d4c8,97,2022-12-14 21:37:30.820320,meditation found
1541,marcocattaneo,/guided-meditations/q8k0r7z2b8a8g9p3t2c3c1r8u9z4n4w8h2h2q0j3,97,2022-12-14 21:37:30.820320,meditation found
1542,marcocattaneo,/guided-meditations/g1z5t2u0n1b2x2u9k0x0m8m2b4x8u4h1q5j9p7u3,97,2022-12-14 21:37:30.820320,meditation found
1543,marcocattaneo,/guided-meditations/v7m3q2r9f5p7g2h9z7b3r4b0j1g3g8s2z4r5e4r3,97,2022-12-14 21:37:30.820320,meditation found
1544,marcocattaneo,/guided-meditations/s2z2v6u0l1k5v0n4t0c1h4h4s7v2s9v4b8h1z7u4,97,2022-12-14 21:37:30.820320,meditation found
1545,marcocattaneo,/guided-meditations/u5l4u3u6d9f6j1p9n5y5f7v0r9h3g5z6w3r0e0f7,97,2022-12-14 21:37:30.820320,meditation found
1546,marcocattaneo,/guided-meditations/y5d5y8w7t9g3d6e1b8w4j4g3k5b9w0e5x9l9x6x4,97,2022-12-14 21:37:30.820320,meditation found
1547,marcocattaneo,/guided-meditations/h5s0u5w3a2t6p6m3x6g9s4u9p5h2k1h7h5k7j7k7,97,2022-12-14 21:37:30.820320,meditation found
1548,marshanieland,/guided-meditations/h4l0y1d9y1z3q3q0y4v7q3n1m0v4p9a3y3s0w4q4,97,2022-12-14 21:37:37.028063,meditation found
1549,marshanieland,/guided-meditations/d7z3m5b8l6e0h1z6a8h4w0m1e8n4c8r0w5u5v8k9,97,2022-12-14 21:37:37.029064,meditation found
1550,marshanieland,/guided-meditations/x8r3e3s3z5u2n6m2v6j0k7m1q0p9q5h4p9s3c6q6,97,2022-12-14 21:37:37.030067,meditation found
1551,marshanieland,/guided-meditations/c0t9d2v7p4g7v0v1t4a3h8p9c9s9u2g2s7w0x3a5,97,2022-12-14 21:37:37.031064,meditation found
1552,marshanieland,/guided-meditations/k5n7v1p6f0w5k3w6f8n9u3h4v6k4h5r0e2l4y4p3,97,2022-12-14 21:37:37.032065,meditation found
1553,marshanieland,/guided-meditations/g3d0a8c3e0t9h8h3j5u1r4c8z2b5u7z9x1d6h6x6,97,2022-12-14 21:37:37.033064,meditation found
1554,michellelanger,/guided-meditations/c5p5h8w2b4a5v1z0j4t0s3j6z2s7p7e6m4g0k3c6,97,2022-12-14 21:37:59.331037,meditation found
1555,michellelanger,/guided-meditations/f0g2x4w5g1d1l5r3t4n0k6k8e9w7a9g7s6t7p6k4,97,2022-12-14 21:37:59.333047,meditation found
1556,michellelanger,/guided-meditations/x0f1g5j1c1c2a8d6q9w3l7t0c5f1q4r4p8l7y1q5,97,2022-12-14 21:37:59.333047,meditation found
1557,michellelanger,/guided-meditations/s9l5z3x4j8l2r8s7k6y1c3c0v8v6u7s5e8u0h7x6,97,2022-12-14 21:37:59.334041,meditation found
1558,meegancare,,97,2022-12-14 21:38:18.373138,meditations not found
1559,megblanchet,/guided-meditations/g4t8g8a3u1a1k6s3z8r3y0q8u6q0y2r3l2h7h3u2,97,2022-12-14 21:38:26.677288,meditation found
1560,malvabee,/guided-meditations/x8n4g7a5c8c6a7e7p9v9p8y2p8j9m1u0p1t5k6h1,97,2022-12-14 21:38:49.304173,meditation found
1561,malvabee,/guided-meditations/t1k4e9x4q4q2q8a6a2c0d1a2m4w6j1x1u2j6h7c5,97,2022-12-14 21:38:49.305169,meditation found
1562,malvabee,/guided-meditations/y5b0y2n1x6h1q8n4s7b8k5z5g3w6r9p6b6u7n4n4,97,2022-12-14 21:38:49.306170,meditation found
1563,malvabee,/guided-meditations/s6m3y0u3k8x4d0v8e0d7d4h3n7x5u9r2n1m8v7h8,97,2022-12-14 21:38:49.307173,meditation found
1564,malvabee,/guided-meditations/m8p7d1z1d8b8f5v1n3x7s5j8g5e0e2k2x5h5a4t7,97,2022-12-14 21:38:49.308171,meditation found
1565,malvabee,/guided-meditations/v6d2a6l5b0e3n6q3b8f6w2p5q3q9s0u8j8x8z5k5,97,2022-12-14 21:38:49.309169,meditation found
1566,malvabee,/guided-meditations/k8r2h5s4r8d1n3e8d3a1b6a2f5u8s0n4v6t2y7c4,97,2022-12-14 21:38:49.310169,meditation found
1567,malvabee,/guided-meditations/g7k3y8x4k3x6z3a0f1t1m5c2g3j5y8p1g6p9p0e4,97,2022-12-14 21:38:49.311202,meditation found
1568,malvabee,/guided-meditations/x5e0v4u7g9k6p6x5m6m7y8f5f7w2j1y4p1c0a5v2,97,2022-12-14 21:38:49.312190,meditation found
1569,malvabee,/guided-meditations/h0x5g8a3e2v7n8p1n6w5p8z4f9t4s3y6a1y9g7n9,97,2022-12-14 21:38:49.313170,meditation found
1570,malvabee,/guided-meditations/z3b9u5z5k7r2w7e9f4h2w7t9r4k0w4a1l5b1r1m7,97,2022-12-14 21:38:49.313170,meditation found
1571,malvabee,/guided-meditations/n9a4w7j2r4y8r3r3q5x6a0h1s2k0y4n4x4r5u4g2,97,2022-12-14 21:38:49.314170,meditation found
1572,malvabee,/guided-meditations/x3p0m9d5u2y5v2f6a5x6p1y1s9y6w7a9v3k6c3p7,97,2022-12-14 21:38:49.315169,meditation found
1573,pub261000,/guided-meditations/x7y6m8u6a5g1s9r8s3h9f4x0r2h0s0y9j6z2g0t1,97,2022-12-14 21:39:11.812127,meditation found
1574,pub261000,/guided-meditations/j5s9s6r5j2j4h6a9p5f4h4m6s8x9h9x8h1q7k8v9,97,2022-12-14 21:39:11.814131,meditation found
1575,pub261000,/guided-meditations/g7f3x2e8g0e1w5v2m7r5c5v6j7s3p3u8t9f3p9j3,97,2022-12-14 21:39:11.815128,meditation found
1576,pub261000,/guided-meditations/q6y4m1u8y1h6g9k1f8k1h3x8t5q5c8k3m8h2n5n6,97,2022-12-14 21:39:11.816293,meditation found
1577,pub261000,/guided-meditations/g8g6g3b3v8c8l6z7e4b9p9x0f0t8y8h1l0h2e4l8,97,2022-12-14 21:39:11.816293,meditation found
1578,pub261000,/guided-meditations/f5g7a6y4b7t0l3d4t2h4r9h0d6r7v1h0c8x8q9a5,97,2022-12-14 21:39:11.816293,meditation found
1579,pub261000,/guided-meditations/r4s3x6y4j3h3m4u4w1f9r2b6h6q7u4f9x6h6g0a3,97,2022-12-14 21:39:11.816293,meditation found
1580,pub261000,/guided-meditations/n6y2s1h4a8e7t9t3q3n0q5b8h9h6g0q3m5z8x4x1,97,2022-12-14 21:39:11.816293,meditation found
1581,pub261000,/guided-meditations/j0y3s0u2t5a9h3l8d9v7x6n9c8z1v6j8t0m6k6g2,97,2022-12-14 21:39:11.816293,meditation found
1582,pub261000,/guided-meditations/u4p8u7y8z5k0v0b4x7h1p6m2v7t5b7m4l1a5u1k1,97,2022-12-14 21:39:11.816293,meditation found
1583,kalidevi,/guided-meditations/y6p0z3g4j5t9q0u7f2b9p9p4h6p2e4u7c3w0c2f8,97,2022-12-14 21:39:17.512282,meditation found
1584,kalidevi,/guided-meditations/s7x1m5x2x1g6b5f2t3m1a8a2h6f5c9v5w9k4w3s2,97,2022-12-14 21:39:17.512282,meditation found
1585,kalidevi,/guided-meditations/z9y8c7w6w9u4l2w5j0n3k1a8t0p5y7r3u4k5q4n3,97,2022-12-14 21:39:17.512282,meditation found
1586,kalidevi,/guided-meditations/p2h4h1a3n3c2r6q1g7m6g3e4f3v6z6d9h0x3r1g9,97,2022-12-14 21:39:17.512282,meditation found
1587,kalidevi,/guided-meditations/u5a8m4x9b4k3k9m4l6m6g3h3b5v2a9m8p4u4s0x7,97,2022-12-14 21:39:17.512282,meditation found
1588,kalidevi,/guided-meditations/l6l4n8b2m1k3z0g0p0g6d0z5t5x9r9f3v6h5e0x0,97,2022-12-14 21:39:17.512282,meditation found
1589,kalidevi,/guided-meditations/w5g5v9e5n1e6h4k5c5z9u4c0x3j4e7s7u3t6z1y0,97,2022-12-14 21:39:17.527902,meditation found
1590,kalidevi,/guided-meditations/n0u6e3w8r0e4h7q4c8d1h0x5k1s3g1l7n1w7h9g3,97,2022-12-14 21:39:17.527902,meditation found
1591,kalidevi,/guided-meditations/q7g6w9q5s9n1d6f8b7j3s7v9c1s8u1y9t3w5m0h3,97,2022-12-14 21:39:17.527902,meditation found
1592,kalidevi,/guided-meditations/j1r5c1k7q5z5e5c2q8b8l9g6s6j2k7y7m4m9g8n0,97,2022-12-14 21:39:17.531591,meditation found
1593,kalidevi,/guided-meditations/j7r4q9d4y5p6d8t0w0h2h7a8j8c4q5w6w0v3s1z5,97,2022-12-14 21:39:17.532229,meditation found
1594,kalidevi,/guided-meditations/e0k5f1w6u9k4w4y3w3s3s8g0u8s2j9y6f4g1e0y2,97,2022-12-14 21:39:17.532229,meditation found
1595,kalidevi,/guided-meditations/n1y9a8a5h7x8w9v2g5g1n8t0a6r8e9p0y2p1v2b6,97,2022-12-14 21:39:17.534784,meditation found
1596,kalidevi,/guided-meditations/f4h5x9w0h5j7k0q2w5e8e2p3h5b1q5z4r1h2k9e8,97,2022-12-14 21:39:17.534784,meditation found
1597,kalidevi,/guided-meditations/r8a7w3w4p9s6n4n7v0j4k3s3n8v3f0j0f7d9q6r9,97,2022-12-14 21:39:17.534784,meditation found
1598,kalidevi,/guided-meditations/n3f9y9f3g5e7g3h5k7m0z5j6t7s7w7d8q0w5a5h2,97,2022-12-14 21:39:17.534784,meditation found
1599,kalidevi,/guided-meditations/u4r2m3c6q9p3f3g9b8v5f8c6d1f8v8l5m2c5v7s6,97,2022-12-14 21:39:17.534784,meditation found
1600,michaelburke,/guided-meditations/z9s9d2a4p1c4b1k1d8v4n8r7w7w8a8a7d0d2d6r1,97,2022-12-14 21:39:39.762080,meditation found
1601,michaelburke,/guided-meditations/r3w1m3p5r8d9h5s7g5v8b6p5r6r2n5w9k7t3g1y7,97,2022-12-14 21:39:39.762080,meditation found
1602,michaelburke,/guided-meditations/x7b5n6l6l8p8x0e2s2e1b7v7w8c8j6g2p9e3v9n2,97,2022-12-14 21:39:39.762080,meditation found
1603,michaelburke,/guided-meditations/y9k5p7y0t4z1c4t3f3t5x4m5r1r5c4m2f1s8r1g7,97,2022-12-14 21:39:39.762080,meditation found
1604,michaelburke,/guided-meditations/j9v6p5n0t9y7p7z6t2g3m9q0z9s1w9s5q6y9u8m9,97,2022-12-14 21:39:39.762080,meditation found
1605,michaelburke,/guided-meditations/z6v9v2c3y8q2j1h9c4x2u9k1t9v4s1c6k1y6u8a9,97,2022-12-14 21:39:39.762080,meditation found
1606,michaelburke,/guided-meditations/g2t1x9d9s6l3s3w2w9p4u6l5y2n2n1a3w3n1w9s0,97,2022-12-14 21:39:39.762080,meditation found
1607,michaelburke,/guided-meditations/k3j5e7w5d4t5a1v5n7c9x2g5y5t5j0r1v0x3u8c5,97,2022-12-14 21:39:39.762080,meditation found
1608,michaelburke,/guided-meditations/t2h1r4g1v8x1n8t8v6z9b6z5r7w7y5v0m0q9g2y6,97,2022-12-14 21:39:39.762080,meditation found
1609,michaelburke,/guided-meditations/y7w3g7n8a6y8m5g6r5c9y1n9u8t1x9w3a6k2p4x0,97,2022-12-14 21:39:39.762080,meditation found
1610,michaelburke,/guided-meditations/z5q1p4j0b0q7s2t6n3c8t5z0y9j5q7b4z7u2v3u1,97,2022-12-14 21:39:39.762080,meditation found
1611,michaelburke,/guided-meditations/f3v8w9j9h3t5b4u6z4u6g0a7f5a1u9q3f7u2e0v6,97,2022-12-14 21:39:39.762080,meditation found
1612,michaelburke,/guided-meditations/s8n4c2d6j7u5v0c9r2a4h3u0h0q3g7n3v4m2v6k9,97,2022-12-14 21:39:39.762080,meditation found
1613,michaelburke,/guided-meditations/y2u6y2f9d5j1k8b1w8n4j9g4u3q8n5g8y9f8r0e4,97,2022-12-14 21:39:39.762080,meditation found
1614,michaelburke,/guided-meditations/d1u9c0l0h2g1j2g2c7w4r8k3e1a2s7v0l9n1x1s1,97,2022-12-14 21:39:39.762080,meditation found
1615,michaelburke,/guided-meditations/f0d9e3c9c0v0j5n3z6d0x9c3t3p8z3e8s3q3f9b7,97,2022-12-14 21:39:39.762080,meditation found
1616,michaelburke,/guided-meditations/p0d8y8u8a6b7x5k5n9f8g3y2l6h7b7y7z3q4u8j8,97,2022-12-14 21:39:39.777592,meditation found
1617,michaelburke,/guided-meditations/p0t0f9n4f5u9y5x6e0n0u7b6x5y2d8h8g6c2n5z2,97,2022-12-14 21:39:39.777592,meditation found
1618,michaelburke,/guided-meditations/z7z8v7e9r7q7p9v0p2h7e7h1d1b7c4h4v0y2e6s5,97,2022-12-14 21:39:39.777592,meditation found
1619,michaelburke,/guided-meditations/y1g8d2m9f9s6v8t2c9d3x3a8c5p3x9c6u4r1g5q9,97,2022-12-14 21:39:39.777592,meditation found
1620,michaelburke,/guided-meditations/r3a3q7a0k8v7d8l4p6r0l5j7d9e9p2z4y8d1s5a8,97,2022-12-14 21:39:39.777592,meditation found
1621,michaelburke,/guided-meditations/f0c2g5q4d2z2q3b0w4c4q6q6b7q1c3a2e3d8w7h3,97,2022-12-14 21:39:39.777592,meditation found
1622,michaelburke,/guided-meditations/g0f0t5c1g1q1h1c5u8y1y2h7n1f7q4d3y8j4q4t1,97,2022-12-14 21:39:39.777592,meditation found
1623,michaelburke,/guided-meditations/f9z0c0s2d7r1x0q5n7a6f0w8n8h3s7n4q7h4n0a9,97,2022-12-14 21:39:39.777592,meditation found
1624,michaelburke,/guided-meditations/m9b4j2h9q1u1h8s2h7g5s2n2v0b3x0b5y1j3s4e3,97,2022-12-14 21:39:39.777592,meditation found
1625,michaelburke,/guided-meditations/m7y5e9k3l8j0u8a7j0t5k9p9m4z6n1j0y1k5p1r9,97,2022-12-14 21:39:39.777592,meditation found
1626,michaelburke,/guided-meditations/l6a1h8e4e9y2g8e7u2f5j1u1a4a0d2w9j7u8s3f0,97,2022-12-14 21:39:39.777592,meditation found
1627,michaelburke,/guided-meditations/g1j5z1p9k5k0j2h9x4b9r2f6z1g1w7m2w9a5m7x6,97,2022-12-14 21:39:39.777592,meditation found
1628,michaelburke,/guided-meditations/a3s5g2u7a3j7y2v6q6k5s5q5d7p4t7h0f4h3q5d0,97,2022-12-14 21:39:39.777592,meditation found
1629,michaelburke,/guided-meditations/d4k2s9a0p7t7z8e0b5f1n0a6x5n6z2f6z8m7s5v8,97,2022-12-14 21:39:39.777592,meditation found
1630,michaelburke,/guided-meditations/k3f4t0a2f5g9z0f1s0s0p2k7d2n1g3d3d0f2t4a0,97,2022-12-14 21:39:39.777592,meditation found
1631,michaelburke,/guided-meditations/l5k7q0a6t3b4q2m6c3g6k8f2z6v4y4p3n5c9t0n7,97,2022-12-14 21:39:39.777592,meditation found
1632,michaelburke,/guided-meditations/g3q5v5a0j3b2s2z3q4v0z9h6j3c3l2v0u7a9x0m9,97,2022-12-14 21:39:39.777592,meditation found
1633,michaelburke,/guided-meditations/n9v3c6t5m9g8a8v6a3y5c7s7c8t6y7n0k9t4e6p7,97,2022-12-14 21:39:39.777592,meditation found
1634,michaelburke,/guided-meditations/w8v9s5g9w8a0r4r4r3r0d1x3u4y1t7d7g3e5y6w3,97,2022-12-14 21:39:39.777592,meditation found
1635,michaelburke,/guided-meditations/q1d9p2y7s6l7w0j2z0y2j3g0c8l4p1y8x3j7p8d4,97,2022-12-14 21:39:39.777592,meditation found
1636,michaelburke,/guided-meditations/q3h4m3y8p3k2q8u0y9k7e4e2x6l6a3c3c3g4f4r5,97,2022-12-14 21:39:39.777592,meditation found
1637,michaelburke,/guided-meditations/r3q8u5k6h8h1v2w2y3s8h8y1s2r9a5k1k3q0j6y5,97,2022-12-14 21:39:39.777592,meditation found
1638,michaelburke,/guided-meditations/h7x2r4l5r8v4z7w0t6v7y1w7q5q1e4k4r1v1l1g9,97,2022-12-14 21:39:39.777592,meditation found
1639,michaelburke,/guided-meditations/b3v9q9n3n8h1t8n4g7j7b5y0w7n5h5u0w1n6k9z2,97,2022-12-14 21:39:39.777592,meditation found
1640,michaelburke,/guided-meditations/j3w3h9a9m9c4a3b2c6b5v6m6g0p1d8b2u2q7e4h8,97,2022-12-14 21:39:39.793247,meditation found
1641,michaelburke,/guided-meditations/p4s5j6c2e9w9q2m0n1r9x4j7f6e6n5s7j5j7y3g6,97,2022-12-14 21:39:39.793247,meditation found
1642,michaelburke,/guided-meditations/b0w8r2z4g9c6d1b8k1u7n0g0s9e3z3k6n6e6x3p1,97,2022-12-14 21:39:39.793247,meditation found
1643,michaelburke,/guided-meditations/x8c9d9s8r4u2w1p5n8f2a9w0s6j0e0w3e5w3u4w5,97,2022-12-14 21:39:39.793247,meditation found
1644,michaelburke,/guided-meditations/b7d0d0v4n7n0x6a9h6l3h5v7a0s4g5s8u9g3d9h8,97,2022-12-14 21:39:39.793247,meditation found
1645,michaelburke,/guided-meditations/s8x2t5q1n7t5g7k4t3s1y9e3u3v0q1y6b2b5f2u0,97,2022-12-14 21:39:39.793247,meditation found
1646,maryisisleah,/guided-meditations/n0y3c8x4w2a3c3v2t7a6y0c4u1s1j7x0c7j1y7h7,97,2022-12-14 21:40:02.497263,meditation found
1647,maryisisleah,/guided-meditations/a1p0z1q6b0u0h6e9t1l3h0q3j1g3d6a4y1x5w9g0,97,2022-12-14 21:40:02.497263,meditation found
1648,maryisisleah,/guided-meditations/b0y1q5y3r9k4e2f0g6u4w6s4g1e4d1x8s4m6h2m4,97,2022-12-14 21:40:02.497263,meditation found
1649,maryisisleah,/guided-meditations/l8e4r8t3w1w4k1c3x8t0n1k4s0h8t2p3a7c1g9u5,97,2022-12-14 21:40:02.497263,meditation found
1650,maryisisleah,/guided-meditations/g4g9l6r7z9a9f5j5w4j9e5a5e2z9q0z8f2u1r6h4,97,2022-12-14 21:40:02.497263,meditation found
1651,maryisisleah,/guided-meditations/u0e5v5m9c5q1y7u6u7e4s8h0e0a0x1t3p0d5k6x8,97,2022-12-14 21:40:02.497263,meditation found
1652,maryisisleah,/guided-meditations/z4m4e3h4s0z8y2x5t6x0t5m3d9b1n7h4x8v7r6a2,97,2022-12-14 21:40:02.497263,meditation found
1653,maryisisleah,/guided-meditations/w1u1w7n9e8r3e7f8d9e1j8t0t0v5x2k5g0w4z7n7,97,2022-12-14 21:40:02.497263,meditation found
1654,maryisisleah,/guided-meditations/h4h5e3a1m4c8w2k8q6a4b0a0q6u0d1d5k9b1q3q1,97,2022-12-14 21:40:02.497263,meditation found
1655,mindfule,/guided-meditations/r4d0s8f7z4a4q6v7l2k0z2v1y3g9k8c6v2u5t6j3,97,2022-12-14 21:40:32.857968,meditation found
1656,mindfule,/guided-meditations/t7g1m8v4l4x6k8y1g6y8t5v8f7j4y6v3s3c3u2b3,97,2022-12-14 21:40:32.861913,meditation found
1657,mindfule,/guided-meditations/q9u3u5b8k7t8k4e8t6w8p0u0m3y9d8u7v4k5e1q1,97,2022-12-14 21:40:32.864912,meditation found
1658,mindfule,/guided-meditations/j4t3p4r0h7d4b5e4m0p2y3r9s9a9k1v8a7m4h9x1,97,2022-12-14 21:40:32.866711,meditation found
1659,mindfule,/guided-meditations/p4g2u9v7r1b5j7m6b5p1q4z3y0s1n8b0n1g7w1c4,97,2022-12-14 21:40:32.868782,meditation found
1660,mindfule,/guided-meditations/l6h3d1w7z0x0h2k7q6p4n0t9g2b8s3a6z0n4a6j9,97,2022-12-14 21:40:32.870776,meditation found
1661,mindfule,/guided-meditations/f1b8d1r8r7d1b1e0m5x2e0s8u7z7a6p5x8p4w1y0,97,2022-12-14 21:40:32.871761,meditation found
1662,mindfule,/guided-meditations/j0j6b4n1n5u6s4j3w9g7p4u9h2h5a0k8m5d6s1q0,97,2022-12-14 21:40:32.873762,meditation found
1663,mindfule,/guided-meditations/j4e7d5z9n9n7e9h3e9v6h3q3a4h1p4m4f0j8b1c7,97,2022-12-14 21:40:32.875769,meditation found
1664,mindfule,/guided-meditations/t9w5e4m3n0x2s8a0b7a5b8b2z3m6w8r9s2w3b8a2,97,2022-12-14 21:40:32.878774,meditation found
1665,mindfule,/guided-meditations/z4d8t9r9s7l3t5q1m2y3q8v0b1y5v7f2g8a5h9e5,97,2022-12-14 21:40:32.880800,meditation found
1666,mindfule,/guided-meditations/r9r4s4e0f5u6e5z0f5w2m5b9p7x7z2g2j8r4q0p6,97,2022-12-14 21:40:32.882785,meditation found
1667,mindfule,/guided-meditations/j0a0e6z5y7t0e6s6j2b8g8n1e5p8d5t8t7d1g5z8,97,2022-12-14 21:40:32.885772,meditation found
1668,mindfule,/guided-meditations/p3y1a8g7b5r8e5m7m4t5t2b1z9g9u3d2w1v2c9c3,97,2022-12-14 21:40:32.887795,meditation found
1669,mindfule,/guided-meditations/b7p6k0h7n7z5h5p4e9f0d2r6p3h9d5c6q8k5b8m2,97,2022-12-14 21:40:32.890774,meditation found
1670,mindfule,/guided-meditations/y9b7x1l2k0t1f8m0m2a8j5e4q3t9c4b9e1l2t5x2,97,2022-12-14 21:40:32.892773,meditation found
1671,mindfule,/guided-meditations/x9s1t9y3w3y3a7p0c5a2d4c8r4p0t8z2j9n3t9e8,97,2022-12-14 21:40:32.895776,meditation found
1672,mindfule,/guided-meditations/r7z0x4z0f6p2k1t6b3a0v7z6p6r8s2w0c0m8u8l4,97,2022-12-14 21:40:32.897799,meditation found
1673,mindfule,/guided-meditations/j2z2j5n2g6j6s3s1w5t7q1t1u7b7w7d9a8y2j0z5,97,2022-12-14 21:40:32.900011,meditation found
1674,mindfule,/guided-meditations/p4r8r8j6a8r2c0u1x3j1k7w6x3z1z9y9k9q2z0k8,97,2022-12-14 21:40:32.903017,meditation found
1675,mindfule,/guided-meditations/w7r3z5q5a9h7w1k6z9f4c9h6t0z7v1w4b7d3t5d5,97,2022-12-14 21:40:32.905073,meditation found
1676,mindfule,/guided-meditations/m0r4f7j3s0e5d4g7q0b9e1x5j8f0x6n9c6n7d1q3,97,2022-12-14 21:40:32.908064,meditation found
1677,mindfule,/guided-meditations/x7u8m4b4e9c7j7n6n5u5s1y9v6a4p0s8t9m4v0t5,97,2022-12-14 21:40:32.910065,meditation found
1678,mindfule,/guided-meditations/v2n8b2w3a2v8v6a5w4a9u6x3h5c8n1p2f8p1n3m4,97,2022-12-14 21:40:32.913074,meditation found
1679,mindfule,/guided-meditations/k5w4k1y0t3s7s1c2e3h9w9b2j8d4y2f2j3v3j4z3,97,2022-12-14 21:40:32.916067,meditation found
1680,mindfule,/guided-meditations/m5u8n0t0w5b2b8y4e1j1e7q0c5t1e3p0y7d8b4z8,97,2022-12-14 21:40:32.918068,meditation found
1681,mindfule,/guided-meditations/e4a2r3g8b6m3r2l9a1h2e3y4c7y9d1q8a8e6n9w4,97,2022-12-14 21:40:32.921057,meditation found
1682,mindfule,/guided-meditations/q3p8c7d5j7c9b3z2m9n5x1a2x3d4r8b8g1e1b1p5,97,2022-12-14 21:40:32.923059,meditation found
1683,mindfule,/guided-meditations/m2z9a4r8b4m2y9t6n1z2v4w5n8w1v6r3y9t7u9d4,97,2022-12-14 21:40:32.926059,meditation found
1684,mindfule,/guided-meditations/l2b3t9w9c1n5g5m9t8d5y0b1u4q2y5b5m6t6n7h0,97,2022-12-14 21:40:32.929061,meditation found
1685,mindfule,/guided-meditations/a2p5m9y5n7t8t9l0h7w7w1a8c7c0y1h4r7g3l8a7,97,2022-12-14 21:40:32.931069,meditation found
1686,mindfule,/guided-meditations/v4u6k1v9y8w0k8z9c6c2m7g6x0j8m9s4k1t3h8w2,97,2022-12-14 21:40:32.933065,meditation found
1687,mindfule,/guided-meditations/b4w0e4m6j5p7j4h1t3u3j2r3z0e9f3d1w7j4u8d8,97,2022-12-14 21:40:32.936060,meditation found
1688,mindfule,/guided-meditations/y0u8h8g0g8j7l0q2u4z8a7k3g7p0k8m3k7k0l9q6,97,2022-12-14 21:40:32.939065,meditation found
1689,mindfule,/guided-meditations/u7x4m1p5x3n5a9c3b2e8l5f3k6x3s1v3t0x3v4s5,97,2022-12-14 21:40:32.942063,meditation found
1690,mindfule,/guided-meditations/c0p1t2g9p0r4l3n1e5b4t0r6h4b2b5d1a0n6u4m8,97,2022-12-14 21:40:32.944073,meditation found
1691,mindfule,/guided-meditations/p7k8g4x8l4c3f9n9w8q7p7e8u0a3e4v2q0v6r8j1,97,2022-12-14 21:40:32.947078,meditation found
1692,mindfule,/guided-meditations/j5n0d7h7r3d2m0c2k3p6q6q9v4l0m7f0h7c9r9z4,97,2022-12-14 21:40:32.949092,meditation found
1693,mindfule,/guided-meditations/g0z9j7w5x7r0x4z1r0a3e4v8n4g3c2m0e4h0e1l5,97,2022-12-14 21:40:32.952066,meditation found
1694,mindfule,/guided-meditations/s0k2g3d7d9b0n0l9b5w0j2b2t8b6t4y8n2q0v8y7,97,2022-12-14 21:40:32.954070,meditation found
1695,mindfule,/guided-meditations/k5h1v0r6t6x0w4d0z8z1t0j7j8k6q2p6h8s6s3r5,97,2022-12-14 21:40:32.957075,meditation found
1696,mindfule,/guided-meditations/f3e8k5x1g3g2y0e0y0v5z1e7q5t8l6b0f0r6r4x0,97,2022-12-14 21:40:32.959033,meditation found
1697,mindfule,/guided-meditations/a5z1m6x4f1w4d0s6g8u8m9a8z2j8v9t9k0x5w6h8,97,2022-12-14 21:40:32.961069,meditation found
1698,mindfule,/guided-meditations/l8k3x1a4t0l8t3z2k4n7u1k4j9s8k1s7j6b8a9b2,97,2022-12-14 21:40:32.963019,meditation found
1699,mindfule,/guided-meditations/w9a5g7e8z3z2g8k3w7q4d8v4k2z4z0m1r6u9c8e6,97,2022-12-14 21:40:32.966072,meditation found
1700,mindfule,/guided-meditations/c3q4r5y4g3g8u7h1u1a0p1h6h4v3v7j8e3l7k1s9,97,2022-12-14 21:40:32.968063,meditation found
1701,mindfule,/guided-meditations/a5p4u3b2c7p1g1c1n5r4j7l9z1r2w5q1h4x7p8r8,97,2022-12-14 21:40:32.971065,meditation found
1702,mindfule,/guided-meditations/q6y3u4q3a2c2k3c5m6v3z6y8x4k7y5u6v3t9t8h8,97,2022-12-14 21:40:32.973072,meditation found
1703,mindfule,/guided-meditations/s2v9l3a1s7a0b5t2b1s5d4k0h4y4t9a1p1w7q9q8,97,2022-12-14 21:40:32.976087,meditation found
1704,mindfule,/guided-meditations/m9r4y2a5g8f5c7l1q8x8p6x7y2n1w6d2y6d7n6g5,97,2022-12-14 21:40:32.978067,meditation found
1705,mindfule,/guided-meditations/g3v9b4p1b2y7f2w9d5a9g2e2z0k1f9c7p9p2p0b4,97,2022-12-14 21:40:32.981066,meditation found
1706,mindfule,/guided-meditations/q2v9k2e1x5k3f9s1e6a6u6w1s8a7e7s1l6n1m7f6,97,2022-12-14 21:40:32.983536,meditation found
1707,mindfule,/guided-meditations/z3n8b8u6w5z0y2f1c7e1v3h1s3h2v3d8w7v6a1e9,97,2022-12-14 21:40:32.985585,meditation found
1708,mindfule,/guided-meditations/t8e1l1f1d4u9j4f8v7s8q5v0k9s9y5m6y6r9v9r6,97,2022-12-14 21:40:32.988578,meditation found
1709,mindfule,/guided-meditations/b5v3s9b9v6e9x7u1s6f8a7k3v6q4b7n0r3j8m6m4,97,2022-12-14 21:40:32.990580,meditation found
1710,mindfule,/guided-meditations/w7z4r4k2n3y7u7w2g1c5v9q1q4e1w5z0a0p1l6z3,97,2022-12-14 21:40:32.993588,meditation found
1711,mindfule,/guided-meditations/r0h3f4f9c7j3h5x7x6x9v4n8n0g7f3z5m0h8t2n8,97,2022-12-14 21:40:32.995581,meditation found
1712,mindfule,/guided-meditations/x7k0d9n3b0p9j8j7j7f4t3r0x8f4d0e3v8t1j2c3,97,2022-12-14 21:40:32.998579,meditation found
1713,mindfule,/guided-meditations/z4g1p6r7y2e3h4a9n5y6g1e8r5c6a8j9k9c3v1p5,97,2022-12-14 21:40:33.000535,meditation found
1714,mindfule,/guided-meditations/q1x1q1m8x3m2v1p1z7b6s1e0e0q3n7a0y7u5z1k7,97,2022-12-14 21:40:33.003579,meditation found
1715,mindfule,/guided-meditations/t1f0h2w1w4j8s8t5l3p5f8e5l4c1a8m4r5t6v3p1,97,2022-12-14 21:40:33.005605,meditation found
1716,mindfule,/guided-meditations/q0m6j5u6f3s2c4v4y1x4w8y9u6f9h1p5g0y5d7g8,97,2022-12-14 21:40:33.008582,meditation found
1717,mindfule,/guided-meditations/w2b9y7p9j2e9f1j0s6w2k5y2p1y7z7q4a4j0b5x3,97,2022-12-14 21:40:33.010579,meditation found
1718,mindfule,/guided-meditations/w6t8m6e2t7r1g3t2h6d3p2e6e9w3f2e6s7q0g6c1,97,2022-12-14 21:40:33.013587,meditation found
1719,mindfule,/guided-meditations/s3z1p6j2f5k2c3z9c2w9y6t9b2w0q2q7f4m3v2g5,97,2022-12-14 21:40:33.015591,meditation found
1720,mindfule,/guided-meditations/j3k8b0t1p5x5l0z9e6d2z9z8d7f3l7y2q6x7s4m0,97,2022-12-14 21:40:33.017924,meditation found
1721,mindfule,/guided-meditations/b4j1n8g2y7k9u4f0z5v7x4a1q8u2g5e7r2t0r3y7,97,2022-12-14 21:40:33.020909,meditation found
1722,mindfule,/guided-meditations/w4p4f8q4x2c5z5g4y0d4c0u3w0b1m0q5r1x5u1c8,97,2022-12-14 21:40:33.023911,meditation found
1723,mindfule,/guided-meditations/t3q3k4p2s4v0s5a5f7y4u4q6a4g4w1x0k4f1h4w0,97,2022-12-14 21:40:33.025903,meditation found
1724,mindfule,/guided-meditations/v0k4a3z4k8s7e0l5a3d5r4r1b1c2g4x0n4r8q4d3,97,2022-12-14 21:40:33.028908,meditation found
1725,mindfule,/guided-meditations/r4h8u2c8t3d5f7k2a9b3n7l1h1h8u8h2y0z0j2k8,97,2022-12-14 21:40:33.031899,meditation found
1726,mindfule,/guided-meditations/t1a1c5v4b4l1f5p0w0s0b5f2c3t7m8j9y3z9g9b7,97,2022-12-14 21:40:33.033923,meditation found
1727,mindfule,/guided-meditations/q1f2f9f2u5t5b8z0b9d4c8f2g7n7y5d9r4y8t8c0,97,2022-12-14 21:40:33.036902,meditation found
1728,mindfule,/guided-meditations/c0t7z6v8d1m9e7c9f2k0u0m3k0r5p6v1a9n0v9a5,97,2022-12-14 21:40:33.039911,meditation found
1729,mindfule,/guided-meditations/x4n2d4z8c4w9f2g1l2b6t6y8b6x4h1z8f1q2v1v5,97,2022-12-14 21:40:33.041904,meditation found
1730,mindfule,/guided-meditations/w6n8h1s4e0t9r6k3t5b9q9z6d6q9k6z0n0c0e7z0,97,2022-12-14 21:40:33.044903,meditation found
1731,mindfule,/guided-meditations/q3k5h0u0d3c2n4m2u2q3e1b8s9y4v2d9k5a5w6b1,97,2022-12-14 21:40:33.047910,meditation found
1732,mindfule,/guided-meditations/z4z0c9r5z4u4n7c9s4n5k9y8a0t0e5z6x5n9s2k7,97,2022-12-14 21:40:33.050858,meditation found
1733,mindfule,/guided-meditations/g1k6e3j3n4c5x7e5x4f8a9x1w5s8c7t3m3s1e3f1,97,2022-12-14 21:40:33.050858,meditation found
1734,mindfule,/guided-meditations/t7z9h4h0f1h8t2d5r8n5v8s7t3b1z0v0c5e9q2m1,97,2022-12-14 21:40:33.050858,meditation found
1735,mindfule,/guided-meditations/q4z9g2s1q0v5u1k0q0t8w4g0e2b5c8x7q6b0n2f3,97,2022-12-14 21:40:33.050858,meditation found
1736,mindfule,/guided-meditations/d0z5u8j1s9n8v6l8g6b2t0f5b2s4v2u8u8g1v9n1,97,2022-12-14 21:40:33.050858,meditation found
1737,mindfule,/guided-meditations/e6t1d2y1h3h2e1k4q3q7z7f1b2r5j6d7t6f8t1v7,97,2022-12-14 21:40:33.050858,meditation found
1738,mindfule,/guided-meditations/a6x5z3z1u7s6w2e1z3t7f1l3p1n7c7c0l3z6e9t1,97,2022-12-14 21:40:33.065947,meditation found
1739,mindfule,/guided-meditations/q5j3f6x7y9d8q3m9c8t6y7z3q1j1s9c9p1a6v5d1,97,2022-12-14 21:40:33.065947,meditation found
1740,mindfule,/guided-meditations/z4s8f4k7w2j3v7g6p9p3r3g7w0z2h5b6g0g2k3v0,97,2022-12-14 21:40:33.065947,meditation found
1741,mindfule,/guided-meditations/v5a3g2x1r0z7y0w9s7d3w8z8p9m6s4f7v0u2k6b7,97,2022-12-14 21:40:33.065947,meditation found
1742,mindfule,/guided-meditations/b3a0l5j5v4s0n9f0g5r9p6h6j1b4d3d9y1g1s6z1,97,2022-12-14 21:40:33.065947,meditation found
1743,mindfule,/guided-meditations/q5t3z5u2b6q7k9r1v1l9e9v0a0j7b6u5w1x6k5h9,97,2022-12-14 21:40:33.065947,meditation found
1744,mindfule,/guided-meditations/a3h3x1y7u4g2k5e0d5t6u7h7g8q9g4s6m1l0f7k0,97,2022-12-14 21:40:33.081657,meditation found
1745,mindfule,/guided-meditations/g4t1u7r2e8r3j3m9s9r3j2e2c4s1m7b1u9f3u5w9,97,2022-12-14 21:40:33.081657,meditation found
1746,mindfule,/guided-meditations/m7f9z8t1h4j9r7k5t5g8y8d2w6x1c9u9g6m2k6e1,97,2022-12-14 21:40:33.081657,meditation found
1747,mindfule,/guided-meditations/c4t0p6y4u7l4a3u0v9u6n9v0p2g0x9c8a9f4k8q8,97,2022-12-14 21:40:33.081657,meditation found
1748,mindfule,/guided-meditations/n0b7j7d6b1n5j6y5z1h9j1v1b9x8w7b1h4p6z6f3,97,2022-12-14 21:40:33.081657,meditation found
1749,mindfule,/guided-meditations/y1x4m7b7g6w0q0f6r4x7p8b6b9x8e3a5t4w0w6n2,97,2022-12-14 21:40:33.097283,meditation found
1750,mindfule,/guided-meditations/y8a1v0g5k1w6u1h1a9v3m2j6b6n9l3y3b5q5r0n3,97,2022-12-14 21:40:33.097283,meditation found
1751,mindfule,/guided-meditations/t2t1s4n0v8f7k0b5y5m2u6s0r6p9n4j2f9d5m1x7,97,2022-12-14 21:40:33.097283,meditation found
1752,mindfule,/guided-meditations/z4f6a9r5n2x0j8c1f7v6f8e7q2u7w8k3t6c6f2l4,97,2022-12-14 21:40:33.097283,meditation found
1753,mindfule,/guided-meditations/k3t9g5d0h2f1s1z2x2f3s0n4j6p2w5h8t3q1x0r2,97,2022-12-14 21:40:33.097283,meditation found
1754,mindfule,/guided-meditations/h1w1y4w0d1k9z6k0q0s2c8h7j7c5j8s5a3g0x9x5,97,2022-12-14 21:40:33.097283,meditation found
1755,mindfule,/guided-meditations/w2y5z3w0p3x7p2j3g6x3k7u3e3c0s3q1j7n3z2t9,97,2022-12-14 21:40:33.112894,meditation found
1756,mindfule,/guided-meditations/b4w9m3v2k2s1b5k5v8x3y6a1h8q6p0a6c6e6k1w1,97,2022-12-14 21:40:33.112894,meditation found
1757,mindfule,/guided-meditations/b8d4h3s0d7m4d5l6q4e2v9r8n4x6e3h5j9b6v7u4,97,2022-12-14 21:40:33.112894,meditation found
1758,mindfule,/guided-meditations/r6q7g8a5q3u7g0g7h8p5h3w1a5a3m5j7v6p6h6j9,97,2022-12-14 21:40:33.112894,meditation found
1759,mindfule,/guided-meditations/f5w7v9h4a1s5u6g4k8w8n8s1y2f9g2e9e1w2s0k6,97,2022-12-14 21:40:33.112894,meditation found
1760,mindfule,/guided-meditations/a9a2s5e7k4q2f8y1a1h8e2c2v1l4a8k6a0w5m0u6,97,2022-12-14 21:40:33.112894,meditation found
1761,mindfule,/guided-meditations/g7d0f7a7c0d5v2t5l5u3k2l7m5t1h1r3c3m3y2l9,97,2022-12-14 21:40:33.128543,meditation found
1762,mindfule,/guided-meditations/k1z3w1g7b2y0n3v1z6u0f6u0c0b3m2c0y2b1l7z0,97,2022-12-14 21:40:33.128543,meditation found
1763,mindfule,/guided-meditations/k0a6u8a7x3m8c5e2x0j3u8k8f3m6p5u2q6t5x7n0,97,2022-12-14 21:40:33.128543,meditation found
1764,mindfule,/guided-meditations/c6r4l5q8p8p1d3b5x5a9m8y5f0f6b6z7g1m5y9u5,97,2022-12-14 21:40:33.128543,meditation found
1765,mindfule,/guided-meditations/g3f0q3r8t2t0x0a5t2a9y9z5p1c9h5t5b7b1y1a9,97,2022-12-14 21:40:33.128543,meditation found
1766,mindfule,/guided-meditations/l0w9c5w8h0c8m1t6l9s5r9q4b7l6s1g7v4n6h9u3,97,2022-12-14 21:40:33.128543,meditation found
1767,mindfule,/guided-meditations/y1c1n5j1p9h6k8v9m3n7e1q0w0p5z6g9s3t2j2c4,97,2022-12-14 21:40:33.144154,meditation found
1768,mindfule,/guided-meditations/g3g1k3e7a0u3j5f7q5d6k6d6g2p4v1n2d0v5j8d2,97,2022-12-14 21:40:33.144154,meditation found
1769,mindfule,/guided-meditations/w9y3k3v0l2g3k6x8a0k9l1h6p9f5r2y1z8s8q7z5,97,2022-12-14 21:40:33.144154,meditation found
1770,mindfule,/guided-meditations/s3t9v1d0b8j5m5p9p9h4n7c6v9p8u3e2m3c7h2a5,97,2022-12-14 21:40:33.144154,meditation found
1771,mindfule,/guided-meditations/d1z1b9c4a1u7v6f8h4s7v4u3t8g3k5g8k5s2z9t5,97,2022-12-14 21:40:33.144154,meditation found
1772,mindfule,/guided-meditations/y4d0r7z4f8e1n0e5k7a9y1p0x7b5m3a7l0a8f9z0,97,2022-12-14 21:40:33.144154,meditation found
1773,mindfule,/guided-meditations/d2t1n0m4c1b4c7e9u8c3p0v4b4w8a1q4z4k8j0d8,97,2022-12-14 21:40:33.159787,meditation found
1774,mindfule,/guided-meditations/q2s1t7z0n3n2e6c4a8j4u8a6p5u6q1t1j3j1m0b2,97,2022-12-14 21:40:33.159787,meditation found
1775,mindfule,/guided-meditations/p1m5s7k5d7w0z2j8d6e8y0f4e8f0g0r4k9z9n8j0,97,2022-12-14 21:40:33.159787,meditation found
1776,mindfule,/guided-meditations/j2p7y5k4t6e6w4f6g5c7x1q1z9c3h1f2e7m7n3p7,97,2022-12-14 21:40:33.159787,meditation found
1777,mindfule,/guided-meditations/k9u3k3y4y2q8q7q2e4b1z1p8b7a4r5f0j4u7g0b5,97,2022-12-14 21:40:33.171361,meditation found
1778,mindfule,/guided-meditations/t7f6l0q6c9y3m7a9j3l9c5k8g8p6w1e4h6m9v0r4,97,2022-12-14 21:40:33.173425,meditation found
1779,mindfule,/guided-meditations/f1v9j4q3x6h6m3h9y9z9w0m0b8p3t5h8d3j3k8b1,97,2022-12-14 21:40:33.176460,meditation found
1780,mindfule,/guided-meditations/k2p4v9m1b4g3e0q9v9c8h8m1q1p5v6u7v0p2a4t1,97,2022-12-14 21:40:33.179425,meditation found
1781,mindfule,/guided-meditations/q5u2q3r7h3q1b5a1f7u6f4m2v5e0m2f3h2v5m8r8,97,2022-12-14 21:40:33.182378,meditation found
1782,mindfule,/guided-meditations/t1w2m2a7z5u9p9x3w8n1q1q7s8x7v3t3v4y3x7h5,97,2022-12-14 21:40:33.183449,meditation found
1783,mindfule,/guided-meditations/f6x1j0v7f4f1r4n2h5m1c7s1z0a8h3w1m9s9w4u3,97,2022-12-14 21:40:33.183449,meditation found
1784,mindfule,/guided-meditations/j4z0g3h9f1r7f0v1v1a6r5u2y9e2f8d0d4w1j3z1,97,2022-12-14 21:40:33.191129,meditation found
1785,mindfule,/guided-meditations/b9y2p1g4v5f3g4f6u2p7y3n4c2k2n4l5d5x3b5h2,97,2022-12-14 21:40:33.194173,meditation found
1786,mindfule,/guided-meditations/d9z1b9j9r6f1t1g4z0g4j9e5s2y1z0m2u7q1a9e3,97,2022-12-14 21:40:33.197168,meditation found
1787,mindfule,/guided-meditations/t4u6h4n3r8g0k1m9f3f7x8d2n8h2m9x9x7j6z1s7,97,2022-12-14 21:40:33.200173,meditation found
1788,mindfule,/guided-meditations/j7c0t3h2a8w3k9j6n5z6x3j0t9r4z2r5z5a7s7y8,97,2022-12-14 21:40:33.202177,meditation found
1789,mindfule,/guided-meditations/q4v4v6u5t2v2n9e6l4a6m2c8g7d6h6u2k6v0w1e7,97,2022-12-14 21:40:33.205176,meditation found
1790,mindfule,/guided-meditations/b3b2j7e8v3g0k0b4q3t7q1j6n0a8b4f2u2g4k2m5,97,2022-12-14 21:40:33.208170,meditation found
1791,mindfule,/guided-meditations/t8a6s1w6d1m3j6y7t5e2k1r2j7l1b7c8d2a2y9e1,97,2022-12-14 21:40:33.210172,meditation found
1792,mindfule,/guided-meditations/x8v3h7x2y1g3n5y3g8v1n2r9h2b8f8r4d9q5s1e0,97,2022-12-14 21:40:33.213165,meditation found
1793,mindfule,/guided-meditations/j5q3y8r6g5z7e7g5q4e3h4p4p5x0u6m4h7q8p9h5,97,2022-12-14 21:40:33.215170,meditation found
1794,mindfule,/guided-meditations/u6r2k9h4z5u1k1v9c4g5z4u0n0f5c8e8r6f5l2t5,97,2022-12-14 21:40:33.218176,meditation found
1795,mindfule,/guided-meditations/z8f5x7n2w6u7r0w9z1j8x7b7p5p1b8w4q7p2k4n5,97,2022-12-14 21:40:33.221183,meditation found
1796,mindfule,/guided-meditations/m8w1u3t8h6z0x1b0f0z3t6t7v2z0v8v2p1e4q9y2,97,2022-12-14 21:40:33.224175,meditation found
1797,mindfule,/guided-meditations/j6b4d0j9e4a9u8m8c7f9k6x5y8k0r2q1k1r8f6n4,97,2022-12-14 21:40:33.226171,meditation found
1798,mindfule,/guided-meditations/a7l1n7q2b6j8e5m2z5q2a7a0f6r0d8j8y8h5h3l7,97,2022-12-14 21:40:33.229169,meditation found
1799,mindfule,/guided-meditations/u1y0t5c3p0y2h3u0c5b7y6h4g8c0x9b0r3a1h5x2,97,2022-12-14 21:40:33.232176,meditation found
1800,mindfule,/guided-meditations/h8w4b7d3a6d4n5m2v8r9n1g3y6r3f2z4n8w8n4f9,97,2022-12-14 21:40:33.234193,meditation found
1801,mindfule,/guided-meditations/r4h7v0s4z9p4z5n5r9g0b3u2f4s1b0z6s3l4w0e3,97,2022-12-14 21:40:33.237180,meditation found
1802,mindfule,/guided-meditations/c8h6x7e9j9j9w5w9u9h1n3f0s4f4j0w3y0p9c7v8,97,2022-12-14 21:40:33.239191,meditation found
1803,mindfule,/guided-meditations/h1v4s2q7f7c8w6y0f3b3f4x7b3h1y2v3u7k6c7m9,97,2022-12-14 21:40:33.242194,meditation found
1804,mindfule,/guided-meditations/m0q4k2h6x9p1q5p8e4t8g9k9y3p2f0c7g7y6r7p9,97,2022-12-14 21:40:33.245180,meditation found
1805,mindfule,/guided-meditations/b1x1f6l1w8x8v4n7d8w5a8x2c3f7x6f1c2t4d0n0,97,2022-12-14 21:40:33.247181,meditation found
1806,mindfule,/guided-meditations/h0d3f5k8y4u7z8v3u5n0s3y1c3r2f8z2n5n1t9d5,97,2022-12-14 21:40:33.249181,meditation found
1807,mindfule,/guided-meditations/s8k3w2k2u3f6z8a0x6s7f1p1s4t4u0p3t8e2m1x0,97,2022-12-14 21:40:33.252175,meditation found
1808,mindfule,/guided-meditations/q2w7b5y2x8l7e5u7m0a1w9c3k6b0v9z7y0k3e6w0,97,2022-12-14 21:40:33.255170,meditation found
1809,mindfule,/guided-meditations/x2r0p0t0x6z0s3r1m8z6y3n0t7g9g1e6c3f4w2z9,97,2022-12-14 21:40:33.257197,meditation found
1810,mindfule,/guided-meditations/v5y7m1m6x3j1j2f8c1v8b4s5t2p3d0h0j5m1b4p2,97,2022-12-14 21:40:33.260187,meditation found
1811,mindfule,/guided-meditations/z3r2p7m1t8a5b1f6c2q4k2x0v6c0x7z5y5a3s1t8,97,2022-12-14 21:40:33.262178,meditation found
1812,mindfule,/guided-meditations/d0a2v7m0w9s6u7t4r9u9b6a4k7z8u1d3x1c1k7p6,97,2022-12-14 21:40:33.265169,meditation found
1813,mindfule,/guided-meditations/b9t9n1j2r0t7p7j9l3y1n2m6w9d0n6n5s0t4p8h5,97,2022-12-14 21:40:33.267163,meditation found
1814,mindfule,/guided-meditations/n2u3v9f8a2w0z8r5w4z5d1u1u2s1n1c3z1k0n8l7,97,2022-12-14 21:40:33.270184,meditation found
1815,mindfule,/guided-meditations/k2e0e9p8f2a3u1b1z8c7t8n8a3y3p7h5w4t4c5n3,97,2022-12-14 21:40:33.273188,meditation found
1816,mindfule,/guided-meditations/l5m6x0d1j9e8q0u4u6d0q8p0n2c9m1w7k5y7p6e4,97,2022-12-14 21:40:33.275174,meditation found
1817,mindfule,/guided-meditations/v3q8e2k1h1v9y4b5v1n5q2p1d4x0a3g1l2n9p1y2,97,2022-12-14 21:40:33.278176,meditation found
1818,mindfule,/guided-meditations/s6f6n6u5a6f4x9j0e1h9f5q8h4q2u1m1j7d2l2l3,97,2022-12-14 21:40:33.280174,meditation found
1819,mindfule,/guided-meditations/e8z6m5e9t5x8f0k9n9u8q0c8p5w7s1f3y8a2n9g9,97,2022-12-14 21:40:33.283175,meditation found
1820,mindfule,/guided-meditations/g8c6m5l1p6x3e3j1w4x7p1v6s4s3k5k7j4k3n8a7,97,2022-12-14 21:40:33.285171,meditation found
1821,mindfule,/guided-meditations/g2u8f8h7g6z0c5e6c0q4d3e2l7w1y9f4r0j9e2x3,97,2022-12-14 21:40:33.288173,meditation found
1822,mindfule,/guided-meditations/x5d2z2c4p0p6f6n4x8k5f6r8r1v6b1z4t8j1f1s6,97,2022-12-14 21:40:33.291174,meditation found
1823,mindfule,/guided-meditations/s4w3j2z3v0w9k6r7u8w0s3y5d6t0r2j3r3m8t1h5,97,2022-12-14 21:40:33.293173,meditation found
1824,mindfule,/guided-meditations/s7s0s0w8u6t7f0e3z5m0w7s2z7h9c9l1n5s0h0z6,97,2022-12-14 21:40:33.296170,meditation found
1825,mindfule,/guided-meditations/y1k3p7g8n6s7f0z6y2j8w4k6l7g0y4t9d8z2d9e6,97,2022-12-14 21:40:33.298187,meditation found
1826,mindfule,/guided-meditations/c5x2b2q5a2l4u1x5d6k4z2e4n3y8m9n4r7e6u5x3,97,2022-12-14 21:40:33.301130,meditation found
1827,mindfule,/guided-meditations/z6d1r4u0g0x6z1v2m5w2w6j8f7w5v7m3c7t2c6r9,97,2022-12-14 21:40:33.303181,meditation found
1828,mindfule,/guided-meditations/h4e3e0u8f1a9m9e3p6f4z0s4l5a8h8d8s8a9n9m1,97,2022-12-14 21:40:33.306175,meditation found
1829,mindfule,/guided-meditations/b9b3e1k3e1r4y3j2e2s4p6b8m3j8t5b9w8e3c1z6,97,2022-12-14 21:40:33.308132,meditation found
1830,mindfule,/guided-meditations/v5q0c3f5n8f9y3r8q5f9e1q4n9u2b5d8q4e1y9e0,97,2022-12-14 21:40:33.311172,meditation found
1831,mindfule,/guided-meditations/m3n0s3r8z2h6f3m5e0j7n7t6n8w1n7x9h7x8a1f9,97,2022-12-14 21:40:33.313182,meditation found
1832,mindfule,/guided-meditations/e0q8w9k6c4x5d9k7y4y9n0y8k0d8u6z7u5r5w2z4,97,2022-12-14 21:40:33.316175,meditation found
1833,mindfule,/guided-meditations/p0g9j0v6b4b4e8j0p4f8u3n6t3s3m7b9c7r4y6a7,97,2022-12-14 21:40:33.318171,meditation found
1834,mindfule,/guided-meditations/s8n9r3h5l9l9w0v6m1d2b7q9g3a7n3d4w3c4x5z2,97,2022-12-14 21:40:33.321189,meditation found
1835,mindfule,/guided-meditations/z9q6w8q7j7l3u3n0g1b4v1l9w7x4f4f4j7r6e0y8,97,2022-12-14 21:40:33.323177,meditation found
1836,mindfule,/guided-meditations/t9b6p2w3b3v7w8u4w6h6p5z1t6f3u2q6p7l6k6b0,97,2022-12-14 21:40:33.326177,meditation found
1837,mindfule,/guided-meditations/u5z6w1f0h8e8a3z9l8k8j8u2r4w1k5d8y5r3q3u7,97,2022-12-14 21:40:33.328163,meditation found
1838,mindfule,/guided-meditations/d3k8q9x4s9n5j0c5y3y9u8a9n8s4q6t0x1a1g2s5,97,2022-12-14 21:40:33.331174,meditation found
1839,mindfule,/guided-meditations/l0u0y8c5v2g0y8a1n1j4e4p7a8f1g9p3u5e4n0n5,97,2022-12-14 21:40:33.333176,meditation found
1840,mindfule,/guided-meditations/g6n3a1d7j8r6k1r3s5n3n8s5p5x9t8q1g7d0r8u9,97,2022-12-14 21:40:33.336186,meditation found
1841,mariyakatrina,/guided-meditations/k0s0z6g4h2q5p6q6m0u8u3f5d1r1n6h4r5z4v6u6,97,2022-12-14 21:40:56.098775,meditation found
1842,mariyakatrina,/guided-meditations/v7x4h3j3u4b8j2b2x1p6w7s9s5g0w0x1j0s1j9d6,97,2022-12-14 21:40:56.098775,meditation found
1843,mariyakatrina,/guided-meditations/v9a9y4s0p4y8s9r0a1s1m1g7w9s3s5g8s3v9c4e1,97,2022-12-14 21:40:56.098775,meditation found
1844,mariyakatrina,/guided-meditations/g9m6u7z7x4n8a9p7t2x0h7b4m8t5f0d1a9v5a1b7,97,2022-12-14 21:40:56.098775,meditation found
1845,mariyakatrina,/guided-meditations/s9f9q6u2h1q4j8j5d8d3u8a9u4y0h4l3l0f0e3z7,97,2022-12-14 21:40:56.098775,meditation found
1846,mariyakatrina,/guided-meditations/s0a8g2h4k6u8v3r6y3f0m9e2j5g9k2l2s8u9y0u5,97,2022-12-14 21:40:56.098775,meditation found
1847,magali,/guided-meditations/r1d8j5p8h8x3d0q3x3k7r2z7s6t1t5d1h4f9k6p2,97,2022-12-14 21:41:18.779189,meditation found
1848,magali,/guided-meditations/p0c1a1r4a2t5h4q0d9s2z1u9g2c8g8z8u1x5j9e6,97,2022-12-14 21:41:18.780714,meditation found
1849,magali,/guided-meditations/u9d1u0x0l4q3r2k8s0x8r4y9a5r5c6t7s4u2h8v5,97,2022-12-14 21:41:18.781711,meditation found
1850,magali,/guided-meditations/g2w6b8e0q3u8z7n3e4p5s3n4s7e2n8u0h8w9t1j0,97,2022-12-14 21:41:18.782765,meditation found
1851,magali,/guided-meditations/y9e2n4a6h2h5q3d8u2g8t3z9w6g2u7y8a9q3b2k6,97,2022-12-14 21:41:18.782765,meditation found
1852,magali,/guided-meditations/q4c6e5b9h7v8m3n6x6h1z0a2k7t8h9y5u4c4a5u5,97,2022-12-14 21:41:18.783759,meditation found
1853,magali,/guided-meditations/w7w8s4e9f7g5y7n0e7d4z1a6x6g1c4x5q4t4d9r0,97,2022-12-14 21:41:18.784757,meditation found
1854,magali,/guided-meditations/s5u5a3j6j2s4m2u0s8c0t6t3h0j4p4a9t9j1c0r2,97,2022-12-14 21:41:18.785758,meditation found
1855,magali,/guided-meditations/n5u0s4h2c1x4h1x2h1s7q3j7u5m8b5d7z0s1c8h1,97,2022-12-14 21:41:18.786761,meditation found
1856,magali,/guided-meditations/x3v6j5w2t6p1b6j3g9m8z8p1g9z8q6k9d8z0h4x8,97,2022-12-14 21:41:18.787759,meditation found
1857,magali,/guided-meditations/e3b5b9f5u9x0t3z6s8u0q8y3r3w1p7d5m8b6h3k2,97,2022-12-14 21:41:18.787759,meditation found
1858,mattalbury,/guided-meditations/t0t2b4k9v7v7j9e6e5c8b9h7f1c1e2s1g9h3l3e1,97,2022-12-14 21:41:41.056410,meditation found
1859,mattalbury,/guided-meditations/y9a0m0p0v7z7s9y3n5v3n5n6h6w4h4k7d2p2h4z7,97,2022-12-14 21:41:41.056410,meditation found
1860,mattalbury,/guided-meditations/r5m2g0a7j7a2y3k8m1g6h3a5l2m0g2s7e5v3h1h9,97,2022-12-14 21:41:41.056410,meditation found
1861,mattalbury,/guided-meditations/e2d6v3e7e4e2b2r6n5c7e8c7y6d1h7e3s1j7y9t7,97,2022-12-14 21:41:41.056410,meditation found
1862,mattalbury,/guided-meditations/j2e6v1q9g5w5m4k7m2q1t8x6p0k5k5p0h6x5d1s8,97,2022-12-14 21:41:41.056410,meditation found
1863,mattalbury,/guided-meditations/d7w8d1q5a0e2j2n5e5k7e0a9b1a8d9b9z3a1f4t8,97,2022-12-14 21:41:41.056410,meditation found
1864,mattalbury,/guided-meditations/k6u2x7z3g6w5h7t5e4h5z4h2b3y5c7f5k8d2l5p3,97,2022-12-14 21:41:41.056410,meditation found
1865,mattalbury,/guided-meditations/b8z6e5s5z8b5u0c0r1z0d1e1v8s1c8e8n3v5e4z3,97,2022-12-14 21:41:41.056410,meditation found
1866,mattalbury,/guided-meditations/s9w9k9f1s1q0h5t7y8e3e6p7b6s6t4l5a8a0n3p2,97,2022-12-14 21:41:41.056410,meditation found
1867,mattalbury,/guided-meditations/h9z1g8q7p3m0y3f8b8n7l0j4e4a6n4s3y1b5c9m4,97,2022-12-14 21:41:41.056410,meditation found
1868,mattalbury,/guided-meditations/j8a9c5r8p0g0r6z8z2e3q7m1x6m2n4q8l8c5z1u6,97,2022-12-14 21:41:41.056410,meditation found
1869,mattalbury,/guided-meditations/n7a6e8t1h8r1n3g6x1c6x0w1c7u1a7j7k2m6a1a8,97,2022-12-14 21:41:41.056410,meditation found
1870,mattalbury,/guided-meditations/q3y9u4k2k7a8j5z7f0w5x7y9h0v9n6t7n0p7k4y2,97,2022-12-14 21:41:41.056410,meditation found
1871,mattalbury,/guided-meditations/u5x7n5z4e3e1j0a9k2n6w6f1z8b4g3p4s0m6d3w9,97,2022-12-14 21:41:41.056410,meditation found
1872,mattalbury,/guided-meditations/l3g8q8b9x3r7s4h8k0c3y7g5m2q2l8f4k7w8f4g5,97,2022-12-14 21:41:41.056410,meditation found
1873,mattalbury,/guided-meditations/z4w3m6n3y2y7y8m6y1e0k1a4n4v4e6u2t3g9x8h8,97,2022-12-14 21:41:41.072030,meditation found
1874,mattalbury,/guided-meditations/a4s2c8b3z5g6b1u1k3p4y4z3b0p1y1g3n4v2d1s3,97,2022-12-14 21:41:41.072030,meditation found
1875,mattalbury,/guided-meditations/k0s5d0b1t9k9a4v0n8h4m4d7w5p5s3g1v3v5t3y9,97,2022-12-14 21:41:41.072030,meditation found
1876,mattalbury,/guided-meditations/m3s3b4b4u0b7g3n8b0a8g4f3t0z9p2s3j2p5a9g8,97,2022-12-14 21:41:41.072030,meditation found
1877,mattalbury,/guided-meditations/e8b7m0a9n2l3c5b4d5t2s2t7w8u7d6q0r1s3r6y4,97,2022-12-14 21:41:41.072030,meditation found
1878,mattalbury,/guided-meditations/l4l9f8m4s8c9v5z0p9p2c1a8m5b2y9p2w1q2m2s2,97,2022-12-14 21:41:41.072030,meditation found
1879,mattalbury,/guided-meditations/x0y8q0x1m1f7e2k9c0j3f4x3b1x8b0b6g8u7t6x2,97,2022-12-14 21:41:41.072030,meditation found
1880,mattalbury,/guided-meditations/e8r2y9q6w4h8q3j7a7p0l6k5v4r0m2w2p6a6b6q5,97,2022-12-14 21:41:41.072030,meditation found
1881,mattalbury,/guided-meditations/u1z7m2a8k9a8j5a0p2v4u9e8n4m9f8y4d1t0w6c5,97,2022-12-14 21:41:41.072030,meditation found
1882,mattalbury,/guided-meditations/a5a5e0f5v7r1m2t0f3c1a4f6b3f6p5m7x1x9u6s8,97,2022-12-14 21:41:41.072030,meditation found
1883,mattalbury,/guided-meditations/m8x3g1q2x2x6t7m1n3v5z5v6s8w6s9z9h3n4m1p3,97,2022-12-14 21:41:41.072030,meditation found
1884,mattalbury,/guided-meditations/q3p8v2d7y2m2f4w3a6s9y2k2p6d0t8x2p9w1q4p8,97,2022-12-14 21:41:41.072030,meditation found
1885,mattalbury,/guided-meditations/a1c0v1b8u8h9r2h8j5t1c3l6u1f8e4n0r7g5z5d2,97,2022-12-14 21:41:41.072030,meditation found
1886,mattalbury,/guided-meditations/e5j9z5b8z6f4t4u8q3a7m4y6s5e3g4p7m8m4w4a8,97,2022-12-14 21:41:41.072030,meditation found
1887,mattalbury,/guided-meditations/f9y6n5h9m3x0j5f4h2x8x3f2a2p7x1g7f3q8r1h6,97,2022-12-14 21:41:41.087660,meditation found
1888,mattalbury,/guided-meditations/t2a5t5b8s9k9b4x2u9s4z9f7t8j5h3y5f6s4g6t3,97,2022-12-14 21:41:41.087660,meditation found
1889,mattalbury,/guided-meditations/j3s1w8g0s8m3c9y6y0p6z7v9j8x4a5t2m3v8s8v1,97,2022-12-14 21:41:41.087660,meditation found
1890,mattalbury,/guided-meditations/n7b5l4m4n2v4x9n9x7x5h3m9a5p1g2h3m3n7k3v0,97,2022-12-14 21:41:41.087660,meditation found
1891,mattalbury,/guided-meditations/m3j1u7f6z8y9w1y0d5n6m9t8y4f4k1q7h8v7e6p9,97,2022-12-14 21:41:41.087660,meditation found
1892,mattalbury,/guided-meditations/f6v1t0n9v1c7f0h3u7e1d5m8m3v2l5j1x0v6a7k2,97,2022-12-14 21:41:41.087660,meditation found
1893,mattalbury,/guided-meditations/v2m5c9p4p4q1p2d8d4t7x3x4j1m3s0r2s2y2q2z3,97,2022-12-14 21:41:41.103279,meditation found
1894,mattalbury,/guided-meditations/h5s5x3v6f2v9c2k6t0b8y3a2r6a2n2b2w9k3h3p5,97,2022-12-14 21:41:41.103279,meditation found
1895,mattalbury,/guided-meditations/y0v1g0w2v1u5x1k3p3x8h5q2z8g3m9k3h3c7g1c4,97,2022-12-14 21:41:41.103279,meditation found
1896,mattalbury,/guided-meditations/u2w5z2r5n8c8f9m4d9v3z8z1p3a3z7r3p8a6x9f4,97,2022-12-14 21:41:41.103279,meditation found
1897,mattalbury,/guided-meditations/w1a7q5l8v2c5p8v1h2h6u5b8q0k2z8x9r4m0d5p5,97,2022-12-14 21:41:41.103279,meditation found
1898,mjfontaine,/guided-meditations/s0y1x8k4j9g6g3v2y9d6j4y6m5j7r3z8x2g5j9d5,97,2022-12-14 21:42:03.472527,meditation found
1899,mjfontaine,/guided-meditations/z9q2s5m3h8v2k0v4s6t7s8z1q2j4k9c7u4j8a7f9,97,2022-12-14 21:42:03.472527,meditation found
1900,mjfontaine,/guided-meditations/y2t2b9v8t9t7m7h2c0x2w6d9p8z0r9b5j2d0a6b1,97,2022-12-14 21:42:03.472527,meditation found
1901,mjfontaine,/guided-meditations/c8s1t1c4c1n9z5k5k9u6y5e7g7b9c3h8x5e2r7z0,97,2022-12-14 21:42:03.472527,meditation found
1902,mjfontaine,/guided-meditations/x1u1t9g4f9r5x9k5d5s4w1k2c6f5f5s3b9w2e6c9,97,2022-12-14 21:42:03.472527,meditation found
1903,mjfontaine,/guided-meditations/f8a8h5j6p0k7n1d7a8e9t0w7m7n3q7b6p4m5r9k1,97,2022-12-14 21:42:03.472527,meditation found
1904,mjfontaine,/guided-meditations/g7k6e7p5g3m4k0c9b2m3z5f5u9d1h2a2x9c9a1u7,97,2022-12-14 21:42:03.472527,meditation found
1905,mjfontaine,/guided-meditations/l3h8u6v3p8x7z3z4z3w2m7n0m9r1c5v3l6s0e5r1,97,2022-12-14 21:42:03.472527,meditation found
1906,mjfontaine,/guided-meditations/x1q9w9m0a1x5j3u2c8v6u7h8c8g2y2m9y1n7n7t8,97,2022-12-14 21:42:03.472527,meditation found
1907,mariketova,/guided-meditations/h0w3w2h8a0r9d0c4j9k8t8p5y1w4s9e9u5e6y0p0,97,2022-12-14 21:42:34.242202,meditation found
1908,mariketova,/guided-meditations/l3f4v4p3y6h4m2a8p0p6u6t6a5y1v8c0a1e0u2h6,97,2022-12-14 21:42:34.242202,meditation found
1909,mariketova,/guided-meditations/f2n4l4j1j8t0l6q0l7g2a9k2e5q5u1t7m4h8c8n6,97,2022-12-14 21:42:34.242202,meditation found
1910,mariketova,/guided-meditations/w5e7z3c7w8v3u5t6v2c2g8a5e1d3f7y8j5k5b3n7,97,2022-12-14 21:42:34.242202,meditation found
1911,mariketova,/guided-meditations/d6h1f2f3z7m8m7u6y9j5w3y0g7f5y4f6k3t4l5k9,97,2022-12-14 21:42:34.242202,meditation found
1912,mariketova,/guided-meditations/p5z6f3f8b3k1c5h4n2b5w2e4b6g9a5v2b2e5d8m0,97,2022-12-14 21:42:34.242202,meditation found
1913,mariketova,/guided-meditations/y7z2l2r1r8h2w6w2e3a6e6s7s4n2s1r4y9u8m7w3,97,2022-12-14 21:42:34.242202,meditation found
1914,mariketova,/guided-meditations/y8s6t1r0y4a0d6a1p2s8z7v8f9t5l6n8z6k9k5u7,97,2022-12-14 21:42:34.242202,meditation found
1915,mariketova,/guided-meditations/v5v2w8x4f0s0g5u3x1h1k6m1y6r5r0x2v8s7s8j2,97,2022-12-14 21:42:34.242202,meditation found
1916,mariketova,/guided-meditations/w0w1s7m2x4p7e4f8s8x8f4n1z1n2u8c6p6x2y0f4,97,2022-12-14 21:42:34.242202,meditation found
1917,mariketova,/guided-meditations/w4a1e7g2h4q3z2z2e1l6e7k7l2w9p5u9k2x6v5y3,97,2022-12-14 21:42:34.242202,meditation found
1918,mariketova,/guided-meditations/b9q3b5u2z3w8h5f2z0p6t5f1m4a1p4j4t9n1q5l0,97,2022-12-14 21:42:34.242202,meditation found
1919,mariketova,/guided-meditations/t6r8s0m7y3j1l8j3w4q3m0j5j2b1k9s0a5w1a3n9,97,2022-12-14 21:42:34.242202,meditation found
1920,growbymia,/guided-meditations/m9t3p6w7b9n2g1k6n3r6l1y1m2f9b1f8z6a4d8d3,97,2022-12-14 21:42:40.419892,meditation found
1921,growbymia,/guided-meditations/p7t7l5l2t3p7u0k3h8q9z3m7c1g5w7h7d7a6h1n0,97,2022-12-14 21:42:40.421968,meditation found
1922,growbymia,/guided-meditations/f0x6p8l2g0q4t9b2q9v9l2e6j6z3c0t7z9t8n3z6,97,2022-12-14 21:42:40.422991,meditation found
1923,growbymia,/guided-meditations/u2a6a9s2y6v7e9s0b4w5r4t7c2s0e8q0n3p8k1m4,97,2022-12-14 21:42:40.422991,meditation found
1924,growbymia,/guided-meditations/z9n3t4t3y8b7m6d3t7m0p3f7z6w0d6v9c6c0c0a4,97,2022-12-14 21:42:40.423905,meditation found
1925,growbymia,/guided-meditations/y4v5f4s1r3j3z3r3y9z6m4h7h7z3v9g2r2h2h8h2,97,2022-12-14 21:42:40.424905,meditation found
1926,growbymia,/guided-meditations/p2t0s4e2b7y2a4k5j6u2g3g1u3c4p9m6u0u8m2q7,97,2022-12-14 21:42:40.425908,meditation found
1927,growbymia,/guided-meditations/m5h8v5l3e9p1w6m5k8d1g4k7y0f0n7w5d8b3s7h5,97,2022-12-14 21:42:40.425908,meditation found
1928,growbymia,/guided-meditations/e5y3p2e1l9a5j0d9g2n1a0v5a6e2h7j2x0p5t4d9,97,2022-12-14 21:42:40.426893,meditation found
1929,laurahugill,/guided-meditations/b1r7c3v1h7g6k6p7u3u6w1c9n4q2p6m9t8b8p7n1,97,2022-12-14 21:42:47.066400,meditation found
1930,laurahugill,/guided-meditations/h6w2s9n7e8q4f1a2f0b4x8h9u6y5y3r1d4n0t4g8,97,2022-12-14 21:42:47.067396,meditation found
1931,laurahugill,/guided-meditations/k9m4f1t3b1j5x8l4q2w4k1s0q1t4c9q8a3k7x9a4,97,2022-12-14 21:42:47.068418,meditation found
1932,laurahugill,/guided-meditations/k2g1a2w6n7v8u2c4a0m6a3m8v8m5c5p5e4w0j8s5,97,2022-12-14 21:42:47.069426,meditation found
1933,laurahugill,/guided-meditations/a3q2x3u0u1y6b0x5c0u1g1k6q8t3k2k7f9m8c9y6,97,2022-12-14 21:42:47.070423,meditation found
1934,laurahugill,/guided-meditations/e6y9k7l4w3v8d6h9u0w4s5a3t4n7s5g9e3y3e5e7,97,2022-12-14 21:42:47.071397,meditation found
1935,laurahugill,/guided-meditations/h3v1t4c2g6e4u2e7l3v2j6v6a4p9y5q2n8b9j4q8,97,2022-12-14 21:42:47.072416,meditation found
1936,laurahugill,/guided-meditations/q5f4z2t8g4d5k9z3w0j5b5c1r9r4j6d9x2z3e3j6,97,2022-12-14 21:42:47.073476,meditation found
1937,laurahugill,/guided-meditations/r3h0z5l6f2k9h8j5q1q5v4s1z9b5f9r2r8g4y0g4,97,2022-12-14 21:42:47.073476,meditation found
1938,laurahugill,/guided-meditations/j8r6z5v7p3g5a6k8m9q2h7e8z1n0j4m1y6n9x1k1,97,2022-12-14 21:42:47.075133,meditation found
1939,laurahugill,/guided-meditations/e3y4z8n7m3j3v6w2s1j4n9j4b6j7v6n8q2h9t3p4,97,2022-12-14 21:42:47.075133,meditation found
